Combination_ID	CADD1	CADD2	CADD3	CADD4	BiolDist	ISPP_AR_A	ISPP_AR_B	ISPP_AD_A	ISPP_AD_B	ISPP_XL_A	HIPred_A	HIPred_B	dn_ds_A	BPO_sim	KG_dist
OLI001	2.082	-3	3.828	-3	42.012	0.651	0.031	0.019	0.006	-0.5	0.476	0.219	0.246	0.007	1.5
OLI002	5.298	-3	3.181	-3	10.747	0.032	0.015	0.745	0.654	-0.5	0.749	0.715	0.251	0.214	1.0
OLI007	4.442	4.442	4.018	4.018	19.776	0.025	0.053	0.111	0.022	-0.5	0.792	0.465	0.15	0.02	1.0
OLI008	4.248	-3	3.6	-3	5.81	0.763	0.722	0.006	0.025	-0.5	0.564	0.17	0.223	0.312	1.0
OLI009	2.548	-3	3.724	-3	11.672	0.028	0.814	0.68	0.016	-0.5	0.853	0.3	0.258	0.198	1.0
OLI010	1.67	-3	4.225	-3	11.672	0.028	0.814	0.68	0.016	-0.5	0.853	0.3	0.258	0.198	1.0
OLI011	2.278	-3	2.963	-3	11.672	0.028	0.814	0.68	0.016	-0.5	0.853	0.3	0.258	0.198	1.0
OLI012	2.092	-3	2.963	-3	11.672	0.028	0.814	0.68	0.016	-0.5	0.853	0.3	0.258	0.198	1.0
OLI013	3.745	-3	2.371	-3	NaN	0.745	0.072	0.021	0.016	-0.5	0.342	0.473	0.175	0.144	2.0
OLI014	0.564	-3	4.421	-3	32.461	0.086	0.008	0.638	0.0	-0.5	0.476	0.296	0.207	0.024	1.5
OLI015	4.79	-3	3.526	-3	1.087	0.742	0.617	0.006	0.056	-0.5	0.578	0.702	0.118	0.697	1.0
OLI016	3.693	2.887	4.27	-3	40.494	0.68	0.098	0.0	0.046	-0.5	0.329	0.591	0.315	0.005	2.0
OLI018	3.597	-3	4.051	-3	12.481	0.599	0.017	0.009	0.029	-0.5	0.694	0.55	0.295	0.146	1.0
OLI019	3.757	-3	3.833	-3	11.724	0.549	0.048	0.099	0.18	-0.5	0.639	0.792	0.042	0.032	1.0
OLI021	5.113	-3	3.894	-3	1.002	0.011	0.016	0.172	0.788	-0.5	0.806	0.751	0.238	0.288	1.0
OLI022	1.97	-3	3.487	-3	6.919	0.026	0.052	0.604	0.045	-0.5	0.627	0.596	0.235	0.148	1.0
OLI023	3.909	-3	4.216	-3	4.084	0.043	0.099	0.035	0.092	-0.5	0.651	0.707	0.06	0.673	1.0
OLI024	1.913	-3	4.058	-3	1.143	0.057	0.719	0.061	0.006	-0.5	NaN	0.562	0.287	0.505	1.0
OLI026	4.104	4.104	3.07	3.07	10.263	0.742	0.031	0.042	0.019	-0.5	0.498	0.112	0.214	0.049	1.0
OLI028	3.705	-3	4.289	-3	16.798	0.009	0.025	0.013	0.006	-0.5	0.123	0.532	0.837	0.012	1.5
OLI030	3.967	-3	3.898	-3	NaN	0.085	0.089	0.033	0.044	-0.5	0.214	0.755	0.885	0.931	1.0
OLI032	3.512	3.512	4.059	4.059	1.233	0.057	0.071	0.041	0.0	-0.5	0.581	0.241	0.199	0.978	1.0
OLI033	3.919	-3	2.289	-3	1.089	0.114	0.013	0.021	0.0	-0.5	0.474	0.605	0.726	0.762	1.0
OLI035	1.185	-3	1.719	-3	9.499	0.011	0.081	0.172	0.108	-0.5	0.806	0.761	0.238	0.247	1.0
OLI036	4.289	-3	4.055	-3	8.398	0.048	0.008	0.18	0.0	-0.5	0.792	0.296	0.132	0.049	1.0
OLI038	3.321	-3	8.447	3.875	6.488	0.178	0.755	0.717	0.041	-0.5	0.208	0.132	0.404	0.337	1.0
OLI039	3.321	-3	3.875	3.875	6.488	0.178	0.755	0.717	0.041	-0.5	0.208	0.132	0.404	0.337	1.0
OLI040	5.909	5.909	7.288	7.288	1.233	0.057	0.071	0.041	0.0	-0.5	0.581	0.241	0.199	0.978	1.0
OLI044	3.512	-3	4.162	4.162	NaN	0.723	0.733	0.0	0.016	-0.5	0.342	0.234	0.258	0.63	1.0
OLI046	2.896	-3	4.871	4.162	NaN	0.723	0.733	0.0	0.016	-0.5	0.342	0.234	0.258	0.63	1.0
OLI047	3.697	-3	4.871	4.162	NaN	0.723	0.733	0.0	0.016	-0.5	0.342	0.234	0.258	0.63	1.0
OLI048	7.624	-3	5.093	4.162	NaN	0.723	0.733	0.0	0.016	-0.5	0.342	0.234	0.258	0.63	1.0
OLI050	4.075	-3	4.612	4.162	NaN	0.723	0.733	0.0	0.016	-0.5	0.342	0.234	0.258	0.63	1.0
OLI052	2.442	-3	0.802	0.463	12.964	0.757	0.709	0.0	0.025	-0.5	0.539	0.146	0.271	0.052	1.0
OLI053	1.449	-3	1.937	-3	12.798	0.616	0.692	0.014	0.0	-0.5	0.473	0.492	0.147	0.363	1.0
OLI055	5.242	3.709	0.44	-3	30.146	0.692	0.709	0.0	0.025	-0.5	0.492	0.146	0.186	0.18	1.0
OLI058	2.871	-3	3.37	-3	30.146	0.692	0.709	0.0	0.025	-0.5	0.492	0.146	0.186	0.18	1.0
OLI062	2.461	-3	3.875	3.875	1.002	0.831	0.755	0.006	0.041	-0.5	0.415	0.132	0.42	0.31	1.0
OLI065	4.211	-3	3.875	3.875	1.001	0.654	0.755	0.0	0.041	-0.5	0.372	0.132	0.363	0.447	1.0
OLI067	5.518	-3	7.813	7.023	2.07	0.658	0.654	0.0	0.0	-0.5	0.498	0.372	0.686	0.648	1.0
OLI068	3.978	-3	3.32	-3	5.485	0.031	0.062	0.764	0.707	-0.5	0.632	0.492	0.139	0.027	2.0
OLI074	4.572	-3	1.518	-3	18.284	0.006	0.008	0.0	0.0	-0.5	0.17	0.17	0.353	NaN	1.0
OLI075	4.88	-3	3.035	-3	9.791	0.048	0.019	0.18	0.714	-0.5	0.792	0.704	0.132	0.19	1.0
OLI077	4.133	4.133	1.787	1.787	1.01	0.07	0.0	0.115	0.013	-0.5	0.833	0.701	0.04	0.188	1.0
OLI090	4.421	-3	4.461	-3	20.608	0.021	0.0	0.01	0.013	-0.5	0.523	0.182	0.594	0.094	2.0
OLI091	3.739	-3	4.318	-3	NaN	0.738	NaN	0.047	NaN	-0.5	0.575	0.285	0.436	NaN	3.0
OLI093	2.267	-3	1.772	0.287	27.025	0.0	0.012	0.031	0.727	-0.5	0.517	0.123	0.516	0.039	1.5
OLI096	3.836	-3	5.471	-3	4.145	0.028	0.046	0.073	0.674	-0.5	0.676	0.809	0.205	0.703	1.0
OLI097	5.51	3.339	4.167	-3	1.012	0.595	0.831	0.022	0.006	-0.5	0.637	0.415	0.224	0.343	1.0
OLI099	4.561	-3	3.862	-3	NaN	0.085	0.174	0.033	0.018	-0.5	0.214	0.519	0.885	0.883	1.0
OLI100	9.359	4.569	4.423	-3	NaN	0.739	0.0	0.016	0.0	-0.5	0.289	NaN	0.057	NaN	1.5
OLI104	3.966	-3	4.573	4.573	1.035	0.155	0.759	0.09	0.0	-0.5	0.542	0.604	0.176	0.39	1.0
OLI109	3.644	-3	4.044	4.044	21.898	0.649	0.637	0.006	0.0	-0.5	0.123	0.652	1.407	0.094	1.0
OLI110	3.644	3.644	4.044	-3	21.898	0.649	0.637	0.006	0.0	-0.5	0.123	0.652	1.407	0.094	1.0
OLI111	2.824	-3	8.215	8.215	2.717	0.063	0.045	0.0	0.006	-0.5	0.704	0.462	0.106	0.376	1.0
OLI113	1.851	-3	2.843	-3	6.405	0.016	0.709	0.046	0.03	-0.5	0.766	0.697	0.165	0.42	1.0
OLI115	1.943	-3	4.163	-3	1.003	0.006	0.705	0.06	0.019	-0.5	0.831	0.271	0.276	0.977	1.0
OLI116	5.061	-3	4.163	-3	1.003	0.006	0.705	0.06	0.019	-0.5	0.831	0.271	0.276	0.977	1.0
OLI117	3.472	-3	2.487	-3	1.003	0.0	0.041	0.058	0.025	-0.5	0.711	0.546	0.214	0.973	1.0
OLI118	4.022	4.022	4.411	2.665	6.995	0.0	0.705	0.048	0.016	0.81	0.752	0.577	0.173	0.013	1.5
OLI119	4.055	-3	2.752	2.752	3.175	0.008	0.0	0.0	0.049	-0.5	0.296	0.784	0.161	0.059	1.5
OLI120	4.14	-3	4.455	4.455	1.208	0.019	0.731	0.0	0.013	-0.5	0.64	0.543	0.284	0.309	1.0
OLI121	4.622	-3	3.411	3.34	1.208	0.019	0.731	0.0	0.013	-0.5	0.64	0.543	0.284	0.309	1.0
OLI122	4.721	-3	3.174	-3	23.02	0.032	0.278	0.0	0.03	-0.5	0.518	0.426	0.143	0.069	1.0
OLI123	2.492	2.492	3.682	3.682	NaN	0.664	NaN	0.013	NaN	-0.5	0.635	NaN	0.263	NaN	NaN
OLI125	2.587	-3	2.658	-3	1.004	0.831	0.654	0.006	0.0	-0.5	0.415	0.372	0.42	0.552	1.0
OLI126	8.197	7.465	6.576	-3	NaN	0.754	0.739	0.028	0.0	-0.5	0.628	0.328	0.497	0.541	1.0
OLI131	3.054	-3	4.15	-3	12.772	0.016	0.682	0.006	0.016	-0.5	0.775	0.55	0.468	0.06	1.5
OLI133	2.856	-3	3.847	-3	1.11	0.066	0.013	0.034	0.0	-0.5	0.575	0.605	0.679	0.345	1.0
OLI134	3.948	-3	2.659	-3	1.078	0.072	0.078	0.081	0.123	-0.5	0.717	0.432	0.316	0.559	1.0
OLI135	3.381	-3	4.187	-3	1.372	0.048	0.072	0.024	0.016	-0.5	0.3	0.473	0.291	0.313	1.0
OLI136	3.381	-3	4.187	2.324	1.372	0.048	0.072	0.024	0.016	-0.5	0.3	0.473	0.291	0.313	1.0
OLI146	3.979	3.979	2.324	-3	NaN	0.595	NaN	0.022	NaN	-0.5	0.637	NaN	0.224	NaN	NaN
OLI147	3.138	-3	7.25	2.186	4.443	0.755	0.659	0.041	0.013	-0.5	0.132	0.398	0.356	0.195	1.0
OLI149	2.902	-3	3.881	-3	11.291	0.082	0.0	0.65	0.012	-0.5	0.553	0.735	0.411	0.408	1.0
OLI151	3.881	-3	3.907	-3	5.44	0.0	0.046	0.012	0.765	0.725	0.735	0.875	0.106	0.352	1.0
OLI152	4.055	-3	1.984	-3	3.175	0.008	0.0	0.0	0.049	-0.5	0.296	0.784	0.161	0.059	1.5
OLI153	3.844	-3	3.762	-3	NaN	0.781	NaN	0.03	NaN	-0.5	0.736	NaN	0.299	NaN	NaN
OLI154	5.401	-3	3.598	-3	1.073	0.114	0.066	0.021	0.034	-0.5	0.474	0.575	0.726	0.468	1.0
OLI156	3.598	-3	3.963	-3	1.11	0.066	0.013	0.034	0.0	-0.5	0.575	0.605	0.679	0.345	1.0
OLI157	4.022	-3	2.826	-3	1.073	0.114	0.066	0.021	0.034	-0.5	0.474	0.575	0.726	0.468	1.0
OLI159	4.005	4.005	3.527	-3	23.563	0.0	0.106	0.033	0.016	0.697	0.786	0.694	0.434	0.261	1.0
OLI160	3.269	3.269	3.527	-3	23.563	0.0	0.106	0.033	0.016	0.697	0.786	0.694	0.434	0.261	1.0
OLI161	1.333	1.333	3.527	-3	23.563	0.0	0.106	0.033	0.016	0.697	0.786	0.694	0.434	0.261	1.0
OLI162	2.641	2.641	4.177	-3	23.563	0.0	0.106	0.033	0.016	0.697	0.786	0.694	0.434	0.261	1.0
OLI163	3.025	-3	4.177	-3	23.563	0.0	0.106	0.033	0.016	0.697	0.786	0.694	0.434	0.261	1.0
OLI164	3.854	3.854	3.527	-3	23.563	0.0	0.106	0.033	0.016	0.697	0.786	0.694	0.434	0.261	1.0
OLI165	4.336	-3	3.493	-3	9.106	0.008	0.049	0.0	0.019	-0.5	0.296	0.144	0.161	0.684	1.0
OLI166	3.766	2.666	3.976	-3	1.006	0.75	0.676	0.009	0.031	-0.5	0.216	0.653	0.764	0.717	1.0
OLI168	1.584	-3	3.965	-3	1.852	0.062	0.055	0.765	0.708	-0.5	0.778	0.74	0.039	0.576	1.0
OLI169	4.225	-3	1.237	-3	3.774	0.814	0.089	0.016	0.05	-0.5	0.3	0.229	0.451	0.074	1.5
OLI171	3.566	-3	7.167	4.289	2.07	0.658	0.654	0.0	0.0	-0.5	0.498	0.372	0.686	0.648	1.0
OLI172	-0.213	-3	4.289	4.289	23.778	0.0	0.654	0.008	0.0	-0.5	0.639	0.372	0.186	0.123	1.0
OLI174	4.178	4.178	2.16	-3	4.433	0.654	0.659	0.0	0.013	-0.5	0.372	0.398	0.363	0.131	1.0
OLI178	2.666	-3	4.032	3.976	1.006	0.75	0.676	0.009	0.031	-0.5	0.216	0.653	0.764	0.717	1.0
OLI179	2.666	-3	3.976	-3	1.006	0.75	0.676	0.009	0.031	-0.5	0.216	0.653	0.764	0.717	1.0
OLI182	2.569	-3	4.044	-3	23.588	0.096	0.035	0.013	0.0	-0.5	0.595	0.216	0.183	0.057	1.5
OLI183	1.807	-3	3.656	-3	1.389	0.006	0.038	0.636	0.116	-0.5	0.268	0.711	0.285	0.351	1.0
OLI185	2.707	-3	4.674	-3	14.979	0.031	0.634	0.069	0.034	-0.5	0.655	0.146	0.113	0.028	1.0
OLI186	3.695	-3	3.793	-3	13.733	0.711	0.164	0.013	0.023	-0.5	0.261	0.147	0.54	0.299	1.0
OLI187	-0.123	-3	3.793	3.793	13.733	0.711	0.164	0.013	0.023	-0.5	0.261	0.147	0.54	0.299	1.0
OLI188	2.537	-3	6.175	-3	3.257	0.719	0.073	0.006	0.022	-0.5	0.562	0.438	0.583	0.38	1.0
OLI189	2.318	-3	2.469	2.469	1.01	0.07	0.0	0.115	0.013	-0.5	0.833	0.701	0.04	0.188	1.0
OLI190	4.077	-3	2.453	-3	11.545	0.07	0.035	0.115	0.0	-0.5	0.833	0.79	0.04	0.047	1.0
OLI191	5.834	-3	7.718	2.415	15.771	0.0	0.032	0.0	0.013	-0.5	0.153	NaN	0.871	0.191	1.0
OLI192	0.829	-3	4.559	-3	1.372	0.048	0.072	0.024	0.016	-0.5	0.3	0.473	0.291	0.313	1.0
OLI195	2.09	-3	3.255	2.441	11.59	0.048	0.049	0.18	0.019	-0.5	0.792	0.144	0.132	0.094	1.0
OLI197	4.583	-3	3.538	-3	1.018	0.048	0.053	0.18	0.041	-0.5	0.792	0.798	0.132	0.487	1.0
OLI198	7.207	-3	3.993	-3	11.59	0.048	0.049	0.18	0.019	-0.5	0.792	0.144	0.132	0.094	1.0
OLI199	2.337	-3	3.993	3.255	11.59	0.048	0.049	0.18	0.019	-0.5	0.792	0.144	0.132	0.094	1.0
OLI200	4.29	-3	8.13	8.13	5.035	0.047	0.092	0.038	0.006	-0.5	0.338	0.52	0.225	0.488	1.0
OLI202	3.886	-3	1.674	-3	4.143	0.028	0.038	0.073	0.116	-0.5	0.676	0.711	0.205	0.419	1.0
OLI203	4.34	-3	3.421	-3	4.202	0.02	0.052	0.742	0.745	-0.5	0.819	0.835	0.044	0.44	1.0
OLI205	4.055	-3	1.984	1.984	3.175	0.008	0.0	0.0	0.049	-0.5	0.296	0.784	0.161	0.059	1.5
OLI206	4.055	-3	6.066	6.066	3.175	0.008	0.0	0.0	0.049	-0.5	0.296	0.784	0.161	0.059	1.5
OLI209	1.157	-3	4.191	-3	1.033	0.718	0.673	0.016	0.009	-0.5	0.831	0.564	0.256	0.409	1.0
OLI210	4.778	-3	3.929	-3	2.717	0.063	0.045	0.0	0.006	-0.5	0.704	0.462	0.106	0.376	1.0
OLI211	1.618	-3	8.092	8.092	5.752	0.617	0.65	0.006	0.013	-0.5	0.683	0.485	0.222	0.083	1.0
OLI214	4.167	-3	0.639	-3	1.493	0.617	0.661	0.006	0.063	-0.5	0.683	0.706	0.222	0.219	1.0
OLI218	3.412	-3	3.926	-3	1.052	0.046	0.039	0.674	0.604	-0.5	0.809	0.43	0.055	0.757	1.0
OLI220	1.553	-3	0.345	0.345	22.77	0.778	0.143	0.053	0.0	-0.5	0.251	0.3	0.326	0.441	1.0
OLI221	2.078	-3	2.424	-3	25.432	0.057	0.735	0.703	0.0	-0.5	0.712	0.466	0.366	0.042	1.0
OLI222	2.937	-3	4.243	-3	1.11	0.124	0.039	0.031	0.013	-0.5	0.144	0.553	0.588	0.625	1.0
OLI223	2.977	-3	4.243	-3	1.11	0.124	0.039	0.031	0.013	-0.5	0.144	0.553	0.588	0.625	1.0
OLI225	3.566	-3	7.813	7.813	2.07	0.658	0.654	0.0	0.0	-0.5	0.498	0.372	0.686	0.648	1.0
OLI227	3.06	3.06	4.374	4.374	15.487	0.575	0.73	0.036	0.0	-0.5	0.589	0.206	0.038	0.002	2.0
OLI228	2.51	-3	4.067	-3	1.004	0.673	0.734	0.009	0.036	-0.5	0.564	0.727	0.294	0.617	1.0
OLI229	1.695	-3	4.196	-3	1.004	0.673	0.734	0.009	0.036	-0.5	0.564	0.727	0.294	0.617	1.0
OLI239	1.44	-3	4.009	-3	NaN	0.0	NaN	0.727	NaN	-0.5	0.792	NaN	0.346	NaN	NaN
OLI240	3.623	-3	4.181	-3	1.006	0.035	0.066	0.029	0.754	-0.5	0.626	0.584	0.176	0.61	1.0
OLI241	2.883	-3	5.373	-3	NaN	0.11	0.765	0.031	0.018	-0.5	0.655	0.353	0.31	0.215	1.0
OLI242	3.303	-3	3.887	-3	NaN	0.11	0.765	0.031	0.018	-0.5	0.655	0.353	0.31	0.215	1.0
OLI243	3.767	-3	4.647	-3	1.171	0.715	0.667	0.036	0.0	-0.5	0.481	0.23	0.807	0.37	1.0
OLI244	5.713	5.713	3.67	-3	19.415	0.046	0.739	0.0	0.071	-0.5	0.289	0.378	0.361	0.555	1.0
OLI249	4.204	-3	3.915	-3	NaN	0.121	0.032	0.019	0.751	-0.5	0.565	NaN	0.278	0.046	1.5
OLI250	3.959	-3	4.52	-3	1.006	0.035	0.066	0.029	0.754	-0.5	0.626	0.584	0.176	0.61	1.0
OLI251	4.402	-3	4.559	-3	10.997	0.03	0.072	0.758	0.016	-0.5	0.825	0.473	0.245	0.025	2.0
OLI253	3.128	-3	4.675	-3	NaN	0.032	NaN	0.751	NaN	-0.5	NaN	NaN	0.109	NaN	NaN
OLI254	3.841	-3	5.292	-3	16.247	0.031	0.278	0.0	0.03	-0.5	0.352	0.426	0.246	0.018	1.5
OLI258	2.998	-3	2.417	-3	11.407	0.047	0.0	0.176	0.779	-0.5	0.637	0.685	0.197	0.048	1.0
OLI259	3.117	-3	5.392	-3	1.096	0.739	0.104	0.016	0.065	-0.5	0.289	0.543	0.057	0.409	1.0
OLI265	0.538	-3	3.232	-3	NaN	0.104	NaN	0.065	NaN	-0.5	0.543	NaN	0.453	NaN	NaN
OLI266	3.93	-3	2.069	-3	1.005	0.155	0.104	0.09	0.065	-0.5	0.542	0.543	0.176	0.589	1.0
OLI269	4.395	-3	3.582	-3	11.252	0.0	0.054	0.026	0.006	-0.5	0.647	0.216	NaN	0.05	1.0
OLI274	3.355	-3	0.935	-3	13.235	0.039	0.041	0.619	0.643	-0.5	0.71	0.146	0.306	0.048	1.0
OLI290	2.969	-3	4.202	-3	19.055	0.013	0.704	0.03	0.073	-0.5	0.655	0.525	0.249	0.003	2.0
OLI291	4.257	-3	3.072	-3	NaN	0.033	0.111	0.747	0.01	-0.5	0.652	0.229	0.119	0.222	2.0
OLI292	4.131	-3	3.199	-3	20.817	0.055	0.013	0.0	0.047	-0.5	0.558	0.698	0.146	0.076	2.0
OLI293	3.875	-3	3.866	-3	11.797	0.013	0.013	0.019	0.047	-0.5	0.639	0.698	0.209	0.214	1.0
OLI294	3.675	-3	2.74	-3	20.817	0.055	0.013	0.0	0.047	-0.5	0.558	0.698	0.146	0.076	2.0
OLI295	4.138	-3	4.13	-3	19.812	0.6	0.013	0.008	0.047	-0.5	0.54	0.698	0.219	0.066	1.0
OLI297	2.637	-3	3.065	-3	28.275	0.0	0.015	0.727	0.009	-0.5	0.837	0.765	NaN	0.099	1.5
OLI298	3.14	-3	4.073	-3	20.963	0.027	0.013	0.006	0.047	0.864	0.583	0.698	0.718	0.053	1.0
OLI302	4.709	4.709	3.337	3.337	9.705	0.599	0.078	0.009	0.022	-0.5	0.694	0.501	0.295	0.128	1.0
OLI303	2.707	-3	4.729	-3	1.009	0.031	0.095	0.069	0.015	-0.5	0.655	0.699	0.113	0.437	1.0
OLI304	3.948	-3	3.447	-3	1.009	0.031	0.095	0.069	0.015	-0.5	0.655	0.699	0.113	0.437	1.0
OLI305	2.707	-3	4.302	-3	1.009	0.031	0.095	0.069	0.015	-0.5	0.655	0.699	0.113	0.437	1.0
OLI306	2.68	-3	7.506	-3	1.009	0.031	0.095	0.069	0.015	-0.5	0.655	0.699	0.113	0.437	1.0
OLI307	4.451	-3	4.017	-3	1.009	0.031	0.095	0.069	0.015	-0.5	0.655	0.699	0.113	0.437	1.0
OLI309	0.225	-3	3.861	-3	1.009	0.031	0.095	0.069	0.015	-0.5	0.655	0.699	0.113	0.437	1.0
OLI312	0.754	-3	3.822	-3	23.674	0.07	0.095	0.009	0.015	-0.5	0.172	0.699	0.528	NaN	2.0
OLI315	2.707	-3	6.697	-3	NaN	0.031	0.0	0.069	0.0	-0.5	0.655	0.722	0.113	0.365	1.0
OLI317	3.866	-3	3.663	-3	NaN	0.075	0.765	0.733	0.018	-0.5	0.736	0.353	NaN	0.021	1.0
OLI319	0.624	-3	5.075	-3	1.073	0.114	0.066	0.021	0.034	-0.5	0.474	0.575	0.726	0.468	1.0
OLI320	3.005	-3	1.785	-3	1.006	0.689	0.672	0.04	0.006	-0.5	0.708	0.661	0.404	0.035	1.0
OLI321	1.054	-3	4.389	2.037	1.005	0.728	0.672	0.054	0.006	-0.5	0.723	0.661	0.269	0.264	1.0
OLI326	4.067	3.19	2.673	-3	1.002	0.091	0.107	0.761	0.666	-0.5	0.639	0.683	0.19	0.53	1.0
OLI327	4.067	-3	2.673	-3	1.002	0.091	0.107	0.761	0.666	-0.5	0.639	0.683	0.19	0.53	1.0
OLI356	7.532	-3	3.38	-3	2.169	0.048	0.029	0.18	0.0	-0.5	0.792	0.619	0.132	0.135	1.0
OLI362	4.319	-3	3.345	-3	4.145	0.028	0.046	0.073	0.674	-0.5	0.676	0.809	0.205	0.703	1.0
OLI365	4.389	-3	3.938	-3	2.169	0.048	0.029	0.18	0.0	-0.5	0.792	0.619	0.132	0.135	1.0
OLI368	4.59	-3	4.628	-3	9.564	0.048	0.044	0.18	0.016	-0.5	0.792	0.825	0.132	0.194	1.0
OLI369	1.832	-3	4.111	-3	9.947	0.044	0.083	0.016	0.006	-0.5	0.825	0.525	0.04	0.33	1.0
OLI370	3.676	-3	4.111	-3	9.947	0.044	0.083	0.016	0.006	-0.5	0.825	0.525	0.04	0.33	1.0
OLI371	3.581	-3	4.111	-3	4.615	0.048	0.083	0.18	0.006	-0.5	0.792	0.525	0.132	0.068	2.0
OLI372	4.008	-3	2.269	-3	19.17	0.048	0.025	0.18	0.006	-0.5	0.792	0.331	0.132	0.064	2.0
OLI376	3.494	-3	5.209	-3	1.073	0.114	0.066	0.021	0.034	-0.5	0.474	0.575	0.726	0.468	1.0
OLI377	3.593	-3	4.15	-3	1.073	0.114	0.066	0.021	0.034	-0.5	0.474	0.575	0.726	0.468	1.0
OLI378	1.55	-3	4.09	-3	1.073	0.114	0.066	0.021	0.034	-0.5	0.474	0.575	0.726	0.468	1.0
OLI379	1.964	-3	5.104	-3	1.073	0.114	0.066	0.021	0.034	-0.5	0.474	0.575	0.726	0.468	1.0
OLI380	4.336	-3	4.022	-3	1.073	0.114	0.066	0.021	0.034	-0.5	0.474	0.575	0.726	0.468	1.0
OLI381	6.86	-3	4.252	-3	1.073	0.114	0.066	0.021	0.034	-0.5	0.474	0.575	0.726	0.468	1.0
OLI383	5.126	-3	3.782	-3	1.089	0.114	0.013	0.021	0.0	-0.5	0.474	0.605	0.726	0.762	1.0
OLI384	3.235	-3	3.991	-3	1.089	0.114	0.013	0.021	0.0	-0.5	0.474	0.605	0.726	0.762	1.0
OLI385	6.115	-3	3.782	3.782	1.089	0.114	0.013	0.021	0.0	-0.5	0.474	0.605	0.726	0.762	1.0
OLI386	3.693	1.994	4.099	-3	1.089	0.114	0.013	0.021	0.0	-0.5	0.474	0.605	0.726	0.762	1.0
OLI387	3.693	-3	4.099	-3	1.089	0.114	0.013	0.021	0.0	-0.5	0.474	0.605	0.726	0.762	1.0
OLI388	1.994	-3	4.099	4.099	1.089	0.114	0.013	0.021	0.0	-0.5	0.474	0.605	0.726	0.762	1.0
OLI391	6.19	-3	2.842	-3	1.025	0.048	0.0	0.18	0.049	-0.5	0.792	0.784	0.132	0.232	1.0
OLI393	1.303	-3	4.111	-3	20.426	0.564	0.083	0.0	0.006	-0.5	0.455	0.525	NaN	0.029	1.5
OLI394	3.754	-3	4.275	-3	NaN	0.727	0.057	0.012	0.046	-0.5	0.153	0.728	0.718	0.011	1.5
OLI396	3.709	-3	0.159	-3	1.145	0.008	0.013	0.0	0.006	-0.5	0.296	0.241	0.161	0.377	1.0
OLI397	4.326	-3	1.704	-3	1.018	0.048	0.053	0.18	0.041	-0.5	0.792	0.798	0.132	0.487	1.0
OLI398	4.03	4.03	4.931	-3	5.525	0.778	0.03	0.053	0.758	-0.5	0.251	0.825	0.326	0.033	1.0
OLI399	4.03	-3	4.931	-3	5.525	0.778	0.03	0.053	0.758	-0.5	0.251	0.825	0.326	0.033	1.0
OLI400	4.101	-3	3.119	-3	1.639	0.019	0.115	0.057	0.717	-0.5	0.733	0.738	0.083	0.348	1.0
OLI404	3.0	-3	3.487	-3	1.898	0.006	0.052	0.629	0.045	-0.5	0.783	0.596	0.215	0.138	1.0
OLI405	3.007	3.007	2.77	2.77	21.043	0.668	0.81	0.026	0.038	-0.5	0.547	0.394	0.15	0.029	2.0
OLI407	3.102	-3	4.253	-3	1.222	0.013	0.016	0.009	0.801	-0.5	0.492	0.875	0.333	0.095	1.0
OLI409	5.711	4.326	1.704	1.704	1.018	0.048	0.053	0.18	0.041	-0.5	0.792	0.798	0.132	0.487	1.0
OLI410	4.139	-3	4.717	-3	1.018	0.048	0.053	0.18	0.041	-0.5	0.792	0.798	0.132	0.487	1.0
OLI412	2.179	-3	2.581	-3	1.083	0.025	0.031	0.582	0.019	-0.5	0.655	0.112	0.267	0.35	1.0
OLI413	0.164	-3	0.759	-3	5.773	0.011	0.031	0.71	0.019	-0.5	0.743	0.112	0.481	0.207	1.0
OLI414	3.38	-3	4.349	-3	1.006	0.035	0.066	0.029	0.754	-0.5	0.626	0.584	0.176	0.61	1.0
OLI415	2.95	-3	4.252	-3	4.575	0.642	0.035	0.032	0.0	-0.5	0.706	0.79	0.141	0.044	1.0
OLI416	3.964	-3	3.919	-3	4.891	0.031	0.133	0.764	0.705	-0.5	0.632	0.685	0.139	0.634	1.0
OLI418	3.188	3.188	8.024	-3	NaN	0.664	0.733	0.036	0.016	-0.5	0.428	0.744	1.091	0.458	2.0
OLI419	2.954	-3	4.093	-3	1.009	0.031	0.095	0.069	0.015	-0.5	0.655	0.699	0.113	0.437	1.0
OLI426	4.112	-3	2.669	-3	5.091	0.039	0.006	0.063	0.0	-0.5	0.366	0.702	0.804	0.114	1.0
OLI428	3.692	-3	3.826	-3	18.696	0.013	0.049	0.742	0.019	-0.5	0.707	0.144	0.196	0.07	1.5
OLI440	4.261	-3	0.531	-3	1.883	0.0	0.052	0.026	0.045	-0.5	0.647	0.596	NaN	0.122	1.0
OLI443	4.823	4.823	5.197	5.197	NaN	0.754	0.705	0.028	0.022	-0.5	0.628	0.123	0.497	0.022	2.0
OLI445	7.649	-3	2.084	-3	4.143	0.028	0.038	0.073	0.116	-0.5	0.676	0.711	0.205	0.419	1.0
OLI452	1.197	1.197	7.852	7.852	4.22	0.0	0.0	0.026	0.0	0.897	0.65	0.704	0.515	0.19	1.0
OLI453	3.681	-3	4.229	-3	1.259	0.095	0.013	0.015	0.0	-0.5	0.699	0.644	0.134	0.279	1.0
OLI454	3.424	-3	2.515	-3	4.378	0.57	0.104	0.019	0.065	-0.5	0.439	0.543	0.054	0.676	1.0
OLI458	3.795	-3	4.906	-3	NaN	0.03	0.053	0.052	0.028	-0.5	0.652	0.492	0.216	0.153	1.0
OLI465	3.845	-3	3.428	-3	NaN	0.765	0.071	0.018	0.0	-0.5	0.353	0.241	0.324	0.014	1.0
OLI466	3.854	2.223	2.03	-3	23.419	0.599	0.8	0.0	0.009	-0.5	0.207	0.546	0.374	0.061	1.5
OLI467	3.878	-3	3.84	-3	14.231	0.8	0.071	0.009	0.0	-0.5	0.546	0.241	0.594	0.279	1.0
OLI471	7.582	2.794	0.481	-3	NaN	0.038	NaN	0.013	NaN	-0.5	0.551	NaN	0.46	NaN	NaN
OLI473	4.204	-3	6.626	4.059	NaN	0.765	0.071	0.018	0.0	-0.5	0.353	0.241	0.324	0.014	1.0
OLI478	2.456	-3	2.077	-3	NaN	0.051	0.691	0.782	0.014	-0.5	0.794	0.429	0.363	0.072	1.0
OLI480	4.084	-3	3.993	-3	6.112	0.074	0.031	0.723	0.785	-0.5	0.783	0.694	0.137	0.123	1.0
OLI482	2.848	-3	3.765	-3	10.157	0.031	0.051	0.785	0.782	-0.5	0.694	0.794	0.108	0.079	1.0
OLI489	2.945	-3	2.399	-3	12.304	0.043	0.051	0.08	0.782	-0.5	0.846	0.794	0.109	0.114	1.0
OLI493	3.374	-3	2.077	-3	NaN	0.031	0.691	0.785	0.014	-0.5	0.694	0.429	0.108	0.053	2.0
OLI496	4.133	-3	1.835	-3	NaN	0.074	0.028	0.723	0.712	-0.5	0.783	0.816	0.137	0.145	1.0
OLI497	2.425	-3	3.692	3.692	13.122	0.057	0.155	0.061	0.09	-0.5	0.736	0.542	0.037	0.466	1.0
OLI498	2.167	-3	1.687	-3	3.175	0.008	0.0	0.0	0.049	-0.5	0.296	0.784	0.161	0.059	1.5
OLI500	8.001	-3	0.9	-3	1.002	0.069	0.148	0.074	0.667	-0.5	0.486	0.318	0.239	0.267	1.0
OLI502	0.68	-3	2.457	-3	NaN	0.104	0.765	0.671	0.018	-0.5	0.292	0.353	0.236	0.012	1.5
OLI504	4.009	-3	2.826	-3	4.334	0.013	0.082	0.0	0.076	0.838	0.605	0.683	0.304	0.136	1.0
OLI505	3.441	-3	3.432	-3	5.776	0.038	0.015	0.042	0.028	-0.5	0.639	0.756	NaN	0.235	1.0
OLI506	2.747	-3	2.186	-3	5.776	0.038	0.015	0.042	0.028	-0.5	0.639	0.756	NaN	0.235	1.0
OLI507	3.097	-3	3.097	-3	5.776	0.038	0.015	0.042	0.028	-0.5	0.639	0.756	NaN	0.235	1.0
OLI508	3.097	-3	3.575	-3	6.187	0.038	0.013	0.042	0.015	-0.5	0.639	0.825	NaN	0.188	1.0
OLI509	3.805	-3	3.432	-3	5.57	0.013	0.015	0.019	0.028	-0.5	0.639	0.756	0.209	0.204	1.0
OLI510	4.358	-3	0.786	-3	5.776	0.038	0.015	0.042	0.028	-0.5	0.639	0.756	NaN	0.235	1.0
OLI513	4.044	-3	2.402	-3	NaN	0.019	0.052	0.674	0.094	-0.5	0.831	NaN	0.31	0.325	1.0
OLI514	4.139	-3	2.805	-3	1.005	0.668	0.075	0.0	0.0	-0.5	0.64	0.396	0.386	0.26	1.0
OLI515	4.192	-3	5.083	-3	22.101	0.019	0.792	0.017	0.0	-0.5	0.685	0.498	0.059	0.082	1.0
OLI516	3.399	-3	3.945	-3	1.11	0.066	0.013	0.034	0.0	-0.5	0.575	0.605	0.679	0.345	1.0
OLI517	4.224	-3	4.202	-3	1.006	0.035	0.066	0.029	0.754	-0.5	0.626	0.584	0.176	0.61	1.0
OLI518	3.616	-3	4.213	3.343	21.464	0.038	0.071	0.013	0.0	-0.5	0.551	0.241	0.46	0.109	1.0
OLI524	2.393	-3	3.156	-3	30.146	0.692	0.709	0.0	0.025	-0.5	0.492	0.146	0.186	0.18	1.0
OLI526	-0.642	-3	3.515	-3	30.146	0.692	0.709	0.0	0.025	-0.5	0.492	0.146	0.186	0.18	1.0
OLI527	1.885	-3	3.515	-3	30.146	0.692	0.709	0.0	0.025	-0.5	0.492	0.146	0.186	0.18	1.0
OLI531	3.897	-3	3.515	-3	30.146	0.692	0.709	0.0	0.025	-0.5	0.492	0.146	0.186	0.18	1.0
OLI532	2.256	-3	0.228	-3	30.146	0.692	0.709	0.0	0.025	-0.5	0.492	0.146	0.186	0.18	1.0
OLI537	3.828	-3	3.515	-3	13.295	0.616	0.709	0.014	0.025	-0.5	0.473	0.146	0.147	0.123	1.0
OLI538	2.774	-3	0.228	-3	13.295	0.616	0.709	0.014	0.025	-0.5	0.473	0.146	0.147	0.123	1.0
OLI540	3.872	-3	3.897	-3	12.798	0.616	0.692	0.014	0.0	-0.5	0.473	0.492	0.147	0.363	1.0
OLI545	4.397	-3	3.176	-3	1.042	0.616	0.757	0.014	0.0	-0.5	0.473	0.539	0.147	0.373	1.0
OLI547	3.759	-3	4.222	-3	1.018	0.006	0.023	0.229	0.091	-0.5	0.747	0.79	0.095	0.465	1.0
OLI548	4.869	-3	4.467	-3	1.018	0.006	0.023	0.229	0.091	-0.5	0.747	0.79	0.095	0.465	1.0
OLI550	3.176	-3	4.146	-3	4.145	0.028	0.046	0.073	0.674	-0.5	0.676	0.809	0.205	0.703	1.0
OLI559	2.23	-3	3.761	-3	19.14	0.025	0.018	0.094	0.033	-0.5	0.728	0.52	0.199	0.079	1.5
OLI560	2.357	-3	3.746	-3	11.0	0.027	0.035	0.099	0.647	-0.5	0.693	0.85	0.113	0.394	1.0
OLI562	2.634	-3	7.345	4.189	1.111	0.599	0.071	0.0	0.0	-0.5	0.207	0.241	0.374	0.177	1.0
OLI563	4.726	-3	2.174	2.174	14.231	0.8	0.071	0.009	0.0	-0.5	0.546	0.241	0.594	0.279	1.0
OLI564	2.274	-3	3.96	-3	14.231	0.8	0.071	0.009	0.0	-0.5	0.546	0.241	0.594	0.279	1.0
OLI567	0.038	-3	5.356	-3	14.231	0.8	0.071	0.009	0.0	-0.5	0.546	0.241	0.594	0.279	1.0
OLI607	4.364	-3	1.935	-3	2.404	0.698	0.071	0.013	0.015	-0.5	0.443	0.264	0.449	0.246	1.0
OLI610	4.465	-3	1.937	-3	1.111	0.732	0.071	0.046	0.015	-0.5	0.466	0.264	0.247	0.218	1.0
OLI639	4.383	4.383	1.982	1.982	6.421	0.038	0.042	0.119	0.684	-0.5	0.673	0.875	0.259	0.15	1.0
OLI645	-0.344	-3	1.293	-3	4.115	0.031	0.038	0.785	0.116	-0.5	0.694	0.711	0.108	0.451	1.0
OLI667	4.177	-3	4.413	-3	3.704	0.019	0.685	0.057	0.028	-0.5	0.733	0.251	0.083	0.223	1.0
OLI669	2.225	-3	2.15	-3	1.639	0.019	0.115	0.057	0.717	-0.5	0.733	0.738	0.083	0.348	1.0
OLI673	6.39	-3	2.289	-3	17.383	0.115	0.588	0.034	0.013	-0.5	0.825	0.17	0.191	0.263	1.0
OLI680	3.974	-3	3.216	-3	NaN	0.776	0.15	0.052	0.026	0.01	0.747	0.593	0.467	0.042	1.0
OLI684	4.437	-3	3.523	-3	33.502	0.038	0.603	0.042	0.0	-0.5	0.639	0.267	NaN	0.107	2.0
OLI685	3.692	-3	3.851	-3	14.433	0.049	0.622	0.033	0.006	-0.5	0.786	0.368	0.096	0.163	1.5
OLI688	4.241	3.663	4.243	-3	12.125	0.061	0.058	0.09	0.59	-0.5	0.389	0.725	0.124	0.01	1.0
OLI694	2.846	-3	1.022	-3	28.814	0.084	0.067	0.04	0.013	-0.5	0.527	0.139	0.211	0.001	1.5
OLI708	3.309	-3	3.622	-3	13.696	0.819	0.064	0.056	0.03	-0.5	0.544	0.409	0.154	0.126	1.5
OLI709	4.656	-3	4.105	-3	20.535	0.77	0.756	0.018	0.051	-0.5	0.441	0.379	0.201	0.137	2.0
OLI755	2.789	-3	3.007	-3	4.636	0.029	0.032	0.093	0.78	-0.5	0.635	0.831	0.476	0.241	1.0
OLI767	4.604	3.037	2.661	-3	NaN	0.814	NaN	0.016	NaN	-0.5	0.3	NaN	0.451	NaN	NaN
OLI779	4.085	-3	3.974	-3	1.018	0.048	0.053	0.18	0.041	-0.5	0.792	0.798	0.132	0.487	1.0
OLI794	3.811	-3	3.434	3.434	10.573	0.033	0.078	0.747	0.123	-0.5	0.652	0.432	0.119	0.197	1.0
OLI795	3.811	-3	3.434	-3	10.573	0.033	0.078	0.747	0.123	-0.5	0.652	0.432	0.119	0.197	1.0
OLI817	8.474	-3	2.453	-3	1.002	0.069	0.148	0.074	0.667	-0.5	0.486	0.318	0.239	0.267	1.0
OLI818	8.474	-3	0.515	-3	1.002	0.069	0.148	0.074	0.667	-0.5	0.486	0.318	0.239	0.267	1.0
OLI820	2.861	-3	2.453	-3	1.002	0.069	0.148	0.074	0.667	-0.5	0.486	0.318	0.239	0.267	1.0
OLI821	3.603	-3	2.453	-3	1.002	0.069	0.148	0.074	0.667	-0.5	0.486	0.318	0.239	0.267	1.0
OLI831	3.433	-3	3.854	-3	12.509	0.653	0.044	0.045	0.742	-0.5	0.698	0.828	0.335	0.133	1.0
OLI834	4.186	-3	4.009	-3	1.145	0.008	0.013	0.0	0.006	-0.5	0.296	0.241	0.161	0.377	1.0
OLI838	3.045	-3	3.899	-3	NaN	0.009	0.109	0.083	0.56	-0.5	0.786	0.594	0.118	0.111	1.0
OLI839	2.445	-3	4.421	-3	9.613	0.006	0.006	0.614	0.732	-0.5	0.783	0.555	0.303	0.051	2.0
OLI841	5.83	-3	1.354	-3	9.583	0.006	0.64	0.151	0.0	-0.5	0.584	0.23	0.164	0.205	1.0
OLI842	4.402	-3	4.045	4.045	10.461	0.006	0.0	0.151	0.0	-0.5	0.584	0.123	0.164	0.07	1.0
OLI859	4.52	-3	4.186	-3	17.431	0.006	0.008	0.341	0.0	-0.5	0.8	0.296	0.19	0.05	1.5
OLI862	4.186	-3	7.108	-3	28.403	0.008	0.757	0.0	0.0	-0.5	0.296	0.475	0.161	0.006	1.0
OLI870	2.772	-3	3.878	-3	25.083	0.069	0.008	0.041	0.0	-0.5	0.851	0.296	0.316	0.078	1.0
OLI890	4.186	-3	1.901	-3	NaN	0.008	0.006	0.0	0.082	-0.5	0.296	0.112	0.161	0.408	1.0
OLI891	2.057	-3	2.219	-3	NaN	0.067	0.006	0.595	0.082	-0.5	0.567	0.112	0.238	0.073	1.0
OLI892	4.186	-3	3.188	-3	28.403	0.008	0.757	0.0	0.0	-0.5	0.296	0.475	0.161	0.006	1.0
OLI895	4.186	-3	3.987	-3	9.103	0.008	0.717	0.0	0.051	-0.5	0.296	0.367	0.161	0.751	1.0
OLI911	3.909	-3	2.219	-3	NaN	0.09	0.006	0.068	0.082	-0.5	0.553	0.112	1.039	0.11	1.0
OLI916	4.009	4.009	2.826	-3	4.334	0.013	0.082	0.0	0.076	0.838	0.605	0.683	0.304	0.136	1.0
