Combination_ID	CADD1	CADD2	CADD3	CADD4	Biol_Dist	ISPP_AR_A	ISPP_AR_B	ISPP_AD_A	ISPP_AD_B	ISPP_XL_A	ISPP_XL_B	HIPred_A	HIPred_B	dn_ds_A	dn_ds_B	BP_similarity	MF_similarity	Mentha_dist	KG_dist	Coexpression
OLI001	2.059	-3	3.864	-3	32.668	0.651	0.031	0.019	0.006	-0.5	-0.5	0.476	0.219	0.246	0.714	0.006	0.288	None	1.0	None
OLI002	5.079	-3	3.426	-3	6.027	0.032	0.015	0.745	0.654	-0.5	-0.5	0.749	0.715	0.251	0.095	0.186	0.603	23.152	1.0	0.163
OLI007	4.206	4.206	4.206	3.635	5.0	0.025	0.053	0.111	0.022	-0.5	-0.5	0.792	0.465	0.15	0.205	0.034	0.046	15.667	1.0	1.534
OLI008	3.756	-3	4.277	-3	24.212	0.763	0.722	0.006	0.025	-0.5	-0.5	0.564	0.17	0.223	0.266	0.312	0.861	65.618	1.0	None
OLI009	2.913	-3	2.978	-3	4.722	0.028	0.814	0.68	0.016	-0.5	-0.5	0.853	0.3	0.258	0.451	0.201	0.453	58.24	1.0	0.226
OLI010	1.687	-3	3.898	-3	4.722	0.028	0.814	0.68	0.016	-0.5	-0.5	0.853	0.3	0.258	0.451	0.201	0.453	58.24	1.0	0.226
OLI011	2.567	-3	3.491	-3	4.722	0.028	0.814	0.68	0.016	-0.5	-0.5	0.853	0.3	0.258	0.451	0.201	0.453	58.24	1.0	0.226
OLI012	1.583	-3	3.491	-3	4.722	0.028	0.814	0.68	0.016	-0.5	-0.5	0.853	0.3	0.258	0.451	0.201	0.453	58.24	1.0	0.226
OLI013	3.505	-3	2.408	-3	18.677	0.745	0.072	0.021	0.016	-0.5	-0.5	0.342	0.473	0.175	0.218	0.149	0.0	48.644	1.0	-0.745
OLI014	1.08	-3	4.012	-3	17.218	0.086	0.008	0.638	0.0	-0.5	-0.5	0.476	0.296	0.207	0.161	0.022	0.846	54.614	1.0	None
OLI015	4.413	-3	3.626	-3	1.111	0.742	0.617	0.006	0.056	-0.5	-0.5	0.578	0.702	0.118	0.261	0.601	0.757	63.413	1.0	3.645
OLI016	3.144	2.767	3.421	-3	16.375	0.68	0.098	0.0	0.046	-0.5	-0.5	0.329	0.591	0.315	0.199	0.006	0.017	48.67	1.0	-0.513
OLI018	3.815	-3	3.888	-3	10.417	0.599	0.017	0.009	0.029	-0.5	-0.5	0.694	0.55	0.295	0.544	0.17	0.741	18.457	1.0	1.345
OLI019	3.657	-3	3.701	-3	6.242	0.549	0.048	0.099	0.18	-0.5	-0.5	0.639	0.792	0.042	0.132	0.026	0.039	23.571	1.0	-1.23
OLI021	5.808	-3	3.987	-3	1.25	0.011	0.016	0.172	0.788	-0.5	-0.5	0.806	0.751	0.238	0.418	0.237	0.493	7.648	2.0	None
OLI022	2.142	-3	3.504	-3	6.009	0.026	0.052	0.604	0.045	-0.5	-0.5	0.627	0.596	0.235	0.222	0.121	0.81	31.554	1.0	-1.8
OLI023	4.131	-3	3.906	-3	5.0	0.043	0.099	0.035	0.092	-0.5	-0.5	0.651	0.707	0.06	0.059	0.782	0.723	10.297	2.0	None
OLI024	2.547	-3	3.766	-3	1.25	0.057	0.719	0.061	0.006	-0.5	-0.5	None	0.562	0.287	0.583	0.525	0.573	2.203	1.0	0.542
OLI026	2.668	2.668	4.27	2.668	11.982	0.031	0.742	0.019	0.042	-0.5	-0.5	0.112	0.498	0.686	0.214	0.051	0.53	23.472	1.0	0.521
OLI028	3.669	-3	4.324	-3	4.722	0.009	0.025	0.013	0.006	-0.5	-0.5	0.123	0.532	0.837	0.173	0.014	0.007	92.863	1.0	None
OLI030	3.765	-3	3.838	-3	1.042	0.085	0.089	0.033	0.044	-0.5	-0.5	0.214	0.755	0.885	0.419	0.941	0.921	1.757	1.0	28.189
OLI032	3.419	3.419	4.257	3.419	1.25	0.057	0.071	0.041	0.0	-0.5	-0.5	0.581	0.241	0.199	0.25	0.976	0.964	None	1.0	13.922
OLI033	3.891	-3	2.082	-3	1.111	0.114	0.013	0.021	0.0	-0.5	0.838	0.474	0.605	0.726	0.304	0.555	1.0	240.744	1.0	2.104
OLI035	0.92	-3	1.995	-3	5.694	0.011	0.081	0.172	0.108	-0.5	-0.5	0.806	0.761	0.238	0.34	0.223	0.485	21.738	1.0	-0.07
OLI036	4.141	-3	3.714	-3	4.722	0.048	0.008	0.18	0.0	-0.5	-0.5	0.792	0.296	0.132	0.161	0.068	0.7	43.185	1.0	None
OLI038	2.254	-3	8.561	3.721	1.757	0.178	0.755	0.717	0.041	-0.5	-0.5	0.208	0.132	0.404	0.356	0.337	0.903	30.687	1.0	-0.639
OLI039	2.254	-3	3.721	-3	1.757	0.178	0.755	0.717	0.041	-0.5	-0.5	0.208	0.132	0.404	0.356	0.337	0.903	30.687	1.0	-0.639
OLI040	5.825	5.825	7.227	5.825	1.25	0.057	0.071	0.041	0.0	-0.5	-0.5	0.581	0.241	0.199	0.25	0.976	0.964	None	1.0	13.922
OLI044	4.309	4.309	3.182	-3	1.111	0.733	0.723	0.016	0.0	-0.5	-0.5	0.234	0.342	0.616	0.258	0.632	0.804	None	1.0	None
OLI046	4.839	4.309	2.905	-3	1.111	0.733	0.723	0.016	0.0	-0.5	-0.5	0.234	0.342	0.616	0.258	0.632	0.804	None	1.0	None
OLI047	4.839	4.309	3.812	-3	1.111	0.733	0.723	0.016	0.0	-0.5	-0.5	0.234	0.342	0.616	0.258	0.632	0.804	None	1.0	None
OLI048	5.542	4.309	7.567	-3	1.111	0.733	0.723	0.016	0.0	-0.5	-0.5	0.234	0.342	0.616	0.258	0.632	0.804	None	1.0	None
OLI050	5.132	4.309	4.241	-3	1.111	0.733	0.723	0.016	0.0	-0.5	-0.5	0.234	0.342	0.616	0.258	0.632	0.804	None	1.0	None
OLI052	2.738	-3	0.263	0.071	None	0.757	0.709	0.0	0.025	-0.5	-0.5	0.539	0.146	0.271	0.329	0.052	0.957	15.437	1.0	None
OLI053	2.027	-3	1.47	-3	21.095	0.616	0.692	0.014	0.0	-0.5	-0.5	0.473	0.492	0.147	0.186	0.288	0.546	37.886	1.0	5.671
OLI055	1.366	-3	5.252	3.579	None	0.709	0.692	0.025	0.0	-0.5	-0.5	0.146	0.492	0.329	0.186	0.173	0.654	45.135	1.0	2.59
OLI058	3.876	-3	2.65	-3	None	0.709	0.692	0.025	0.0	-0.5	-0.5	0.146	0.492	0.329	0.186	0.173	0.654	45.135	1.0	2.59
OLI062	2.48	-3	3.721	-3	1.111	0.831	0.755	0.006	0.041	-0.5	-0.5	0.415	0.132	0.42	0.356	0.332	0.917	1.337	1.0	4.658
OLI065	4.093	-3	3.721	-3	1.111	0.654	0.755	0.0	0.041	-0.5	-0.5	0.372	0.132	0.363	0.356	0.523	0.951	1.368	1.0	3.202
OLI067	4.825	-3	8.114	7.38	4.722	0.658	0.654	0.0	0.0	-0.5	-0.5	0.498	0.372	0.686	0.363	0.537	0.949	11.117	1.0	-0.175
OLI068	4.32	-3	4.456	-3	None	0.031	0.062	0.764	0.707	-0.5	-0.5	0.632	0.492	0.139	0.274	0.029	0.043	32.791	1.0	-0.238
OLI074	5.269	-3	1.123	-3	30.336	0.013	0.008	0.033	0.0	-0.5	-0.5	0.245	0.17	0.301	0.339	None	0.744	25.928	1.0	3.75
OLI075	4.924	-3	3.202	-3	10.0	0.048	0.019	0.18	0.714	-0.5	-0.5	0.792	0.704	0.132	0.123	0.19	0.041	40.252	1.0	-0.576
OLI077	4.042	4.042	4.042	1.663	23.444	0.07	0.0	0.115	0.013	-0.5	0.704	0.833	0.701	0.04	0.405	0.139	0.98	1.094	1.0	2.252
OLI080	4.334	-0.26	4.334	2.94	1.25	0.659	0.755	0.013	0.041	-0.5	-0.5	0.398	0.132	0.622	0.356	0.18	0.871	8.914	1.0	2.864
OLI090	4.36	-3	4.119	-3	10.833	0.021	0.0	0.01	0.013	-0.5	-0.5	0.523	0.182	0.594	0.58	0.076	0.016	48.492	1.0	0.163
OLI091	3.775	-3	4.036	-3	10.833	0.738	0.046	0.047	0.738	-0.5	-0.5	0.575	None	0.436	0.157	0.03	0.383	26.585	1.0	-0.703
OLI093	1.506	-3	1.392	0.484	10.833	0.0	0.012	0.031	0.727	-0.5	-0.5	0.517	0.123	0.516	0.892	0.018	0.244	None	1.0	None
OLI096	3.675	-3	5.446	-3	1.111	0.028	0.046	0.073	0.674	-0.5	-0.5	0.676	0.809	0.205	0.055	0.598	0.738	10.638	1.0	1.724
OLI097	5.408	3.84	4.291	-3	1.111	0.595	0.831	0.022	0.006	-0.5	-0.5	0.637	0.415	0.224	0.42	0.354	0.95	1.675	1.0	1.007
OLI099	3.818	-3	4.052	-3	1.111	0.085	0.174	0.033	0.018	-0.5	-0.5	0.214	0.519	0.885	0.45	0.862	0.97	1.757	1.0	26.5
OLI100	9.598	4.075	4.068	-3	None	0.739	0.0	0.016	0.0	-0.5	-0.5	0.289	None	0.057	0.44	None	None	None	1.5	1.408
OLI104	4.692	4.692	3.463	-3	1.25	0.759	0.155	0.0	0.09	-0.5	-0.5	0.604	0.542	0.246	0.176	0.395	0.806	1.142	1.0	None
OLI109	3.021	-3	3.949	3.021	None	0.649	0.637	0.006	0.0	-0.5	-0.5	0.123	0.652	1.407	0.412	0.105	0.466	34.105	1.0	-1.336
OLI110	3.021	3.021	3.949	-3	None	0.649	0.637	0.006	0.0	-0.5	-0.5	0.123	0.652	1.407	0.412	0.105	0.466	34.105	1.0	-1.336
OLI111	3.1	-3	8.505	-3	6.909	0.063	0.045	0.0	0.006	-0.5	-0.5	0.704	0.462	0.106	0.343	0.379	0.944	16.994	1.0	None
OLI113	1.718	-3	2.26	-3	4.444	0.016	0.709	0.046	0.03	-0.5	-0.5	0.766	0.697	0.165	0.209	0.415	0.397	8.811	1.0	None
OLI115	2.139	-3	4.141	-3	1.613	0.006	0.705	0.06	0.019	-0.5	-0.5	0.831	0.271	0.276	0.367	0.667	0.971	5.706	1.0	3.265
OLI116	4.834	-3	4.141	-3	1.613	0.006	0.705	0.06	0.019	-0.5	-0.5	0.831	0.271	0.276	0.367	0.667	0.971	5.706	1.0	3.265
OLI117	4.445	-3	2.466	-3	1.613	0.0	0.041	0.058	0.025	-0.5	-0.5	0.711	0.546	0.214	0.321	0.404	0.981	5.5	2.0	3.159
OLI118	4.05	4.05	4.52	2.146	15.679	0.0	0.705	0.048	0.016	0.81	-0.5	0.752	0.577	0.173	0.426	0.012	0.171	27.566	1.0	0.332
OLI119	3.714	-3	3.714	2.972	None	0.008	0.0	0.0	0.049	-0.5	None	0.296	0.784	0.161	0.224	0.011	0.616	58.775	1.0	None
OLI120	4.761	4.761	4.761	4.202	1.25	0.731	0.019	0.013	0.0	-0.5	-0.5	0.543	0.64	0.557	0.284	0.284	0.784	None	1.0	None
OLI121	4.816	-3	4.196	3.611	21.015	0.032	0.731	0.0	0.013	-0.5	-0.5	0.518	0.543	0.143	0.557	0.071	0.989	18.952	1.0	None
OLI122	1.812	-3	3.471	-3	None	0.032	0.278	0.0	0.03	-0.5	-0.5	0.518	0.426	0.143	0.545	0.07	0.978	18.952	1.0	-1.188
OLI123	3.9	3.9	3.9	2.541	11.216	0.088	0.664	0.043	0.013	-0.5	-0.5	0.782	0.635	0.099	0.263	None	0.274	23.594	1.0	1.83
OLI125	2.589	-3	2.916	-3	1.111	0.831	0.654	0.006	0.0	-0.5	-0.5	0.415	0.372	0.42	0.363	0.543	0.957	1.675	1.0	3.666
OLI126	8.099	8.045	6.843	-3	1.111	0.754	0.739	0.028	0.0	-0.5	-0.5	0.628	0.328	0.497	0.332	0.352	0.873	24.135	1.0	5.84
OLI131	2.85	-3	3.909	-3	None	0.016	0.123	0.006	0.006	-0.5	-0.5	0.775	0.476	0.468	0.363	0.633	0.23	62.148	1.0	2.083
OLI133	2.894	-3	3.367	-3	1.111	0.066	0.013	0.034	0.0	-0.5	0.838	0.575	0.605	0.679	0.304	0.277	0.601	36.472	1.0	1.345
OLI134	2.488	-3	4.039	-3	1.111	0.078	0.072	0.123	0.081	-0.5	-0.5	0.432	0.717	0.255	0.316	0.307	0.824	112.936	1.0	7.992
OLI135	3.236	-3	3.024	-3	1.25	0.048	0.072	0.024	0.016	-0.5	-0.5	0.3	0.473	0.291	0.218	0.333	0.949	12.945	1.0	2.864
OLI136	3.236	-3	3.024	2.466	1.25	0.048	0.072	0.024	0.016	-0.5	-0.5	0.3	0.473	0.291	0.218	0.333	0.949	12.945	1.0	2.864
OLI146	3.988	3.988	2.035	-3	1.111	0.595	0.621	0.022	0.027	-0.5	-0.5	0.637	0.54	0.224	0.111	0.328	1.0	2.041	1.0	2.526
OLI147	7.92	1.415	2.889	-3	1.25	0.659	0.755	0.013	0.041	-0.5	-0.5	0.398	0.132	0.622	0.356	0.18	0.871	8.914	1.0	2.864
OLI149	2.987	-3	3.8	-3	4.444	0.082	0.0	0.65	0.012	-0.5	0.725	0.553	0.735	0.411	0.106	0.415	0.863	22.217	1.0	5.755
OLI151	3.91	-3	3.8	-3	4.444	0.046	0.0	0.765	0.012	-0.5	0.725	0.875	0.735	0.085	0.106	0.353	0.876	17.361	1.0	None
OLI152	3.714	-3	1.647	-3	None	0.008	0.0	0.0	0.049	-0.5	None	0.296	0.784	0.161	0.224	0.011	0.616	58.775	1.0	None
OLI153	4.069	-3	4.53	-3	13.086	0.781	0.632	0.03	0.029	-0.5	-0.5	0.736	0.333	0.299	0.173	0.168	0.56	83.04	1.0	0.479
OLI154	5.546	-3	3.447	-3	1.111	0.114	0.066	0.021	0.034	-0.5	-0.5	0.474	0.575	0.726	0.679	0.317	0.627	239.668	1.0	28.273
OLI156	3.447	-3	4.164	-3	1.111	0.066	0.013	0.034	0.0	-0.5	0.838	0.575	0.605	0.679	0.304	0.277	0.601	36.472	1.0	1.345
OLI157	4.271	-3	2.405	-3	1.111	0.114	0.066	0.021	0.034	-0.5	-0.5	0.474	0.575	0.726	0.679	0.317	0.627	239.668	1.0	28.273
OLI159	3.916	3.916	3.663	-3	4.722	0.0	0.106	0.033	0.016	0.697	-0.5	0.786	0.694	0.434	0.234	0.277	0.104	59.295	1.0	None
OLI160	3.244	3.244	3.663	-3	4.722	0.0	0.106	0.033	0.016	0.697	-0.5	0.786	0.694	0.434	0.234	0.277	0.104	59.295	1.0	None
OLI161	3.112	3.112	3.663	-3	4.722	0.0	0.106	0.033	0.016	0.697	-0.5	0.786	0.694	0.434	0.234	0.277	0.104	59.295	1.0	None
OLI162	3.067	3.067	3.94	-3	4.722	0.0	0.106	0.033	0.016	0.697	-0.5	0.786	0.694	0.434	0.234	0.277	0.104	59.295	1.0	None
OLI163	3.117	-3	3.94	-3	4.722	0.0	0.106	0.033	0.016	0.697	-0.5	0.786	0.694	0.434	0.234	0.277	0.104	59.295	1.0	None
OLI164	3.796	3.796	3.663	-3	4.722	0.0	0.106	0.033	0.016	0.697	-0.5	0.786	0.694	0.434	0.234	0.277	0.104	59.295	1.0	None
OLI165	3.332	-3	4.061	-3	1.111	0.049	0.008	0.019	0.0	-0.5	-0.5	0.144	0.296	0.306	0.161	0.42	0.28	111.296	1.0	None
OLI166	3.806	2.552	3.684	-3	1.111	0.75	0.676	0.009	0.031	-0.5	-0.5	0.216	0.653	0.764	0.252	0.576	0.654	55.265	1.0	4.806
OLI168	1.671	-3	4.07	-3	2.778	0.062	0.055	0.765	0.708	-0.5	-0.5	0.778	0.74	0.039	0.081	0.577	0.9	102.55	1.0	4.658
OLI169	3.898	-3	1.128	-3	18.889	0.814	0.089	0.016	0.05	-0.5	-0.5	0.3	0.229	0.451	0.302	0.085	0.34	55.721	1.0	-0.091
OLI171	3.84	-3	7.089	4.668	4.722	0.658	0.654	0.0	0.0	-0.5	-0.5	0.498	0.372	0.686	0.363	0.537	0.949	11.117	1.0	-0.175
OLI172	0.476	-3	4.668	0.476	4.722	0.664	0.654	0.036	0.0	-0.5	-0.5	0.428	0.372	1.091	0.363	0.315	0.956	26.352	1.0	1.556
OLI174	4.25	4.25	1.958	-3	4.722	0.654	0.659	0.0	0.013	-0.5	-0.5	0.372	0.398	0.363	0.622	0.144	0.941	8.666	1.0	1.556
OLI178	2.552	-3	3.71	3.684	1.111	0.75	0.676	0.009	0.031	-0.5	-0.5	0.216	0.653	0.764	0.252	0.576	0.654	55.265	1.0	4.806
OLI179	2.552	-3	3.684	-3	1.111	0.75	0.676	0.009	0.031	-0.5	-0.5	0.216	0.653	0.764	0.252	0.576	0.654	55.265	1.0	4.806
OLI182	2.948	-3	3.587	-3	29.981	0.096	0.035	0.013	0.0	-0.5	-0.5	0.595	0.216	0.183	0.513	0.033	0.008	35.749	1.0	-0.175
OLI183	3.129	-3	1.577	-3	11.25	0.038	0.006	0.116	0.636	-0.5	-0.5	0.711	0.268	0.13	0.285	0.361	0.712	46.429	1.0	-1.42
OLI185	2.54	-3	4.968	-3	17.368	0.031	0.634	0.069	0.034	-0.5	-0.5	0.655	0.146	0.113	0.622	0.012	0.008	48.265	1.0	None
OLI186	3.299	-3	3.539	-3	1.25	0.711	0.164	0.013	0.023	-0.5	-0.5	0.261	0.147	0.54	0.545	0.255	0.062	48.477	1.0	None
OLI187	-0.12	-3	3.539	-0.12	1.25	0.711	0.164	0.013	0.023	-0.5	-0.5	0.261	0.147	0.54	0.545	0.255	0.062	48.477	1.0	None
OLI188	2.514	-3	6.236	-3	5.367	0.719	0.073	0.006	0.022	-0.5	-0.5	0.562	0.438	0.583	0.473	0.322	0.557	14.21	1.0	1.935
OLI189	2.099	-3	5.243	-3	23.444	0.07	0.0	0.115	0.013	-0.5	0.704	0.833	0.701	0.04	0.405	0.139	0.98	1.094	1.0	2.252
OLI190	4.132	-3	2.521	-3	10.0	0.07	0.035	0.115	0.0	-0.5	-0.5	0.833	0.79	0.04	0.155	0.053	0.978	15.632	1.0	1.26
OLI191	6.4	-3	7.67	1.935	None	0.0	0.032	0.0	0.013	-0.5	-0.5	0.153	None	0.871	0.869	0.193	None	None	1.0	3.033
OLI192	0.152	-3	4.861	-3	1.25	0.048	0.072	0.024	0.016	-0.5	-0.5	0.3	0.473	0.291	0.218	0.333	0.949	12.945	1.0	2.864
OLI195	1.913	-3	3.004	2.784	4.722	0.048	0.049	0.18	0.019	-0.5	-0.5	0.792	0.144	0.132	0.306	0.118	0.03	35.954	1.0	0.163
OLI197	4.874	-3	3.432	-3	1.25	0.048	0.053	0.18	0.041	-0.5	-0.5	0.792	0.798	0.132	0.224	0.412	0.028	2.247	1.0	None
OLI198	7.792	-3	4.259	-3	4.722	0.048	0.049	0.18	0.019	-0.5	-0.5	0.792	0.144	0.132	0.306	0.118	0.03	35.954	1.0	0.163
OLI199	2.927	-3	4.259	3.004	4.722	0.048	0.049	0.18	0.019	-0.5	-0.5	0.792	0.144	0.132	0.306	0.118	0.03	35.954	1.0	0.163
OLI200	4.059	-3	7.961	4.059	1.773	0.047	0.092	0.038	0.006	-0.5	-0.5	0.338	0.52	0.225	0.201	0.363	0.994	1.715	1.0	4.215
OLI202	1.963	-3	3.431	-3	5.0	0.038	0.028	0.116	0.073	-0.5	-0.5	0.711	0.676	0.13	0.205	0.36	0.626	10.297	1.0	1.239
OLI203	4.187	-3	4.067	-3	1.25	0.02	0.052	0.742	0.745	-0.5	-0.5	0.819	0.835	0.044	0.119	0.44	0.86	5.181	1.0	13.416
OLI205	3.714	-3	3.714	1.647	None	0.008	0.0	0.0	0.049	-0.5	None	0.296	0.784	0.161	0.224	0.011	0.616	58.775	1.0	None
OLI206	3.714	-3	5.236	3.714	None	0.008	0.0	0.0	0.049	-0.5	None	0.296	0.784	0.161	0.224	0.011	0.616	58.775	1.0	None
OLI209	0.527	-3	4.272	-3	1.25	0.718	0.673	0.016	0.009	-0.5	-0.5	0.831	0.564	0.256	0.294	0.414	0.599	1.368	1.0	0.901
OLI210	4.928	-3	3.995	-3	6.909	0.063	0.045	0.0	0.006	-0.5	-0.5	0.704	0.462	0.106	0.343	0.379	0.944	16.994	1.0	None
OLI211	0.599	-3	7.894	-3	1.736	0.617	0.65	0.006	0.013	-0.5	-0.5	0.683	0.485	0.222	0.648	0.087	0.966	4.762	1.0	1.302
OLI214	3.806	-3	-0.038	-3	1.25	0.617	0.661	0.006	0.063	-0.5	-0.5	0.683	0.706	0.222	0.488	0.177	0.942	12.802	1.0	1.471
OLI218	5.099	-3	3.695	-3	1.25	0.046	0.039	0.674	0.604	-0.5	-0.5	0.809	0.43	0.055	0.462	0.75	0.719	25.666	1.0	None
OLI220	1.881	-3	1.881	-0.73	71.369	0.778	0.143	0.053	0.0	-0.5	-0.5	0.251	0.3	0.326	0.442	0.411	0.48	63.866	1.0	3.898
OLI221	2.404	-3	2.22	-3	10.0	0.057	0.735	0.703	0.0	-0.5	-0.5	0.712	0.466	0.366	0.501	0.061	0.629	33.892	1.0	-0.555
OLI222	2.741	-3	4.148	-3	1.25	0.124	0.039	0.031	0.013	-0.5	-0.5	0.144	0.553	0.588	0.146	0.69	1.0	None	1.0	2.379
OLI223	2.381	-3	4.148	-3	1.25	0.124	0.039	0.031	0.013	-0.5	-0.5	0.144	0.553	0.588	0.146	0.69	1.0	None	1.0	2.379
OLI225	3.84	-3	8.114	-3	4.722	0.658	0.654	0.0	0.0	-0.5	-0.5	0.498	0.372	0.686	0.363	0.537	0.949	11.117	1.0	-0.175
OLI227	3.186	3.186	4.305	3.186	9.803	0.575	0.73	0.036	0.0	-0.5	-0.5	0.589	0.206	0.038	0.232	0.002	0.021	14.499	1.0	1.176
OLI228	2.11	-3	4.245	-3	None	0.673	0.734	0.009	0.036	-0.5	-0.5	0.564	0.727	0.294	0.339	0.614	0.6	1.0	1.0	0.711
OLI229	2.075	-3	4.041	-3	None	0.673	0.734	0.009	0.036	-0.5	-0.5	0.564	0.727	0.294	0.339	0.614	0.6	1.0	1.0	0.711
OLI239	4.078	-3	4.265	-3	1.25	0.0	0.0	0.727	0.646	-0.5	-0.5	0.792	0.806	0.346	0.134	0.395	0.928	25.564	1.0	None
OLI240	3.518	-3	4.36	-3	1.25	0.035	0.066	0.029	0.754	-0.5	-0.5	0.626	0.584	0.176	0.167	0.327	0.954	9.615	1.0	13.458
OLI241	2.58	-3	5.579	-3	20.0	0.11	0.765	0.031	0.018	-0.5	-0.5	0.655	0.353	0.31	0.324	0.225	0.061	None	1.0	0.669
OLI242	3.076	-3	3.932	-3	20.0	0.11	0.765	0.031	0.018	-0.5	-0.5	0.655	0.353	0.31	0.324	0.225	0.061	None	1.0	0.669
OLI243	3.774	-3	4.959	-3	1.111	0.715	0.667	0.036	0.0	-0.5	-0.5	0.481	0.23	0.807	0.756	0.232	0.725	13.525	1.0	5.84
OLI244	3.842	-3	4.55	-3	None	0.739	0.046	0.071	0.0	-0.5	-0.5	0.378	0.289	0.304	0.361	0.333	0.976	38.233	1.0	None
OLI249	4.054	-3	4.35	-3	10.833	0.121	0.032	0.019	0.751	-0.5	-0.5	0.565	None	0.278	0.109	0.047	0.193	29.809	1.0	-0.513
OLI250	3.781	-3	4.125	-3	1.25	0.035	0.066	0.029	0.754	-0.5	-0.5	0.626	0.584	0.176	0.167	0.327	0.954	9.615	1.0	13.458
OLI251	4.551	-3	4.861	-3	10.833	0.03	0.072	0.758	0.016	-0.5	-0.5	0.825	0.473	0.245	0.218	0.024	0.687	34.685	1.0	None
OLI253	4.472	-3	3.646	-3	1.25	0.0	0.032	0.867	0.751	-0.5	-0.5	0.875	None	0.346	0.109	0.405	0.868	1.425	1.0	0.922
OLI254	4.504	-3	4.116	-3	None	0.278	0.019	0.03	0.0	-0.5	-0.5	0.426	0.64	0.545	0.284	0.362	0.434	None	1.0	-1.315
OLI258	3.257	-3	2.337	-3	13.418	0.047	0.0	0.176	0.779	-0.5	-0.5	0.637	0.685	0.197	0.191	0.035	0.631	13.662	1.0	3.56
OLI259	5.746	-3	2.063	-3	15.787	0.104	0.739	0.065	0.016	-0.5	-0.5	0.543	0.289	0.453	0.057	0.41	0.012	92.012	1.0	0.332
OLI265	0.665	-3	3.879	-3	None	0.104	None	0.065	None	-0.5	-0.5	0.543	None	0.453	None	None	None	None	None	None
OLI266	3.482	-3	4.154	-3	1.235	0.104	0.155	0.065	0.09	-0.5	-0.5	0.543	0.542	0.453	0.176	0.651	0.505	73.918	1.0	None
OLI269	3.677	-3	3.314	-3	21.389	0.0	0.054	0.026	0.006	-0.5	-0.5	0.647	0.216	0.768	0.522	0.011	0.83	32.127	1.0	0.754
OLI274	3.401	-3	0.413	-3	14.629	0.039	0.041	0.619	0.643	-0.5	-0.5	0.71	0.146	0.306	0.791	0.032	0.768	25.952	1.0	-1.315
OLI290	2.956	-3	4.017	-3	18.333	0.013	0.704	0.03	0.073	-0.5	-0.5	0.655	0.525	0.249	0.163	0.027	0.693	18.36	1.0	-0.091
OLI291	4.081	-3	2.198	-3	19.444	0.033	0.111	0.747	0.01	-0.5	-0.5	0.652	0.229	0.119	0.484	0.179	0.698	45.365	1.0	None
OLI292	4.329	-3	3.282	-3	17.218	0.055	0.013	0.0	0.047	-0.5	-0.5	0.558	0.698	0.146	0.081	0.079	0.021	42.378	1.0	-0.977
OLI293	3.797	-3	3.76	-3	10.833	0.013	0.013	0.019	0.047	-0.5	-0.5	0.639	0.698	0.209	0.081	0.21	0.726	11.958	1.0	0.733
OLI294	4.132	-3	2.753	-3	17.218	0.055	0.013	0.0	0.047	-0.5	-0.5	0.558	0.698	0.146	0.081	0.079	0.021	42.378	1.0	-0.977
OLI295	4.125	-3	4.244	-3	21.006	0.6	0.013	0.008	0.047	-0.5	-0.5	0.54	0.698	0.219	0.081	0.064	0.804	41.829	1.0	1.133
OLI297	2.296	-3	1.741	-3	None	0.0	0.015	0.727	0.009	-0.5	-0.5	0.837	0.765	0.071	0.348	0.021	0.0	37.119	1.0	-0.027
OLI298	3.501	-3	4.243	-3	4.722	0.027	0.013	0.006	0.047	0.864	-0.5	0.583	0.698	0.718	0.081	0.038	0.859	20.098	1.0	1.345
OLI302	4.536	4.536	4.536	3.374	12.585	0.599	0.078	0.009	0.022	-0.5	-0.5	0.694	0.501	0.295	0.36	0.128	0.754	14.392	1.0	0.036
OLI303	2.54	-3	5.258	-3	1.111	0.031	0.095	0.069	0.015	-0.5	-0.5	0.655	0.699	0.113	0.134	0.441	0.67	8.168	1.0	None
OLI304	3.845	-3	3.463	-3	1.111	0.031	0.095	0.069	0.015	-0.5	-0.5	0.655	0.699	0.113	0.134	0.441	0.67	8.168	1.0	None
OLI305	2.54	-3	4.225	-3	1.111	0.031	0.095	0.069	0.015	-0.5	-0.5	0.655	0.699	0.113	0.134	0.441	0.67	8.168	1.0	None
OLI306	2.335	-3	7.998	-3	1.111	0.031	0.095	0.069	0.015	-0.5	-0.5	0.655	0.699	0.113	0.134	0.441	0.67	8.168	1.0	None
OLI307	3.882	-3	3.983	-3	1.111	0.031	0.095	0.069	0.015	-0.5	-0.5	0.655	0.699	0.113	0.134	0.441	0.67	8.168	1.0	None
OLI309	1.007	-3	3.885	-3	1.111	0.031	0.095	0.069	0.015	-0.5	-0.5	0.655	0.699	0.113	0.134	0.441	0.67	8.168	1.0	None
OLI312	1.279	-3	4.193	-3	20.139	0.07	0.095	0.009	0.015	-0.5	-0.5	0.172	0.699	0.528	0.134	0.071	0.784	40.444	1.0	-1.441
OLI315	2.54	-3	7.219	-3	4.722	0.031	0.0	0.069	0.0	-0.5	0.813	0.655	0.722	0.113	0.227	0.384	0.47	2.66	1.0	None
OLI317	4.119	-3	3.933	-3	11.25	0.075	0.765	0.733	0.018	-0.5	-0.5	0.736	0.353	0.069	0.324	0.024	0.0	None	1.0	0.458
OLI319	0.605	-3	5.005	-3	1.111	0.114	0.066	0.021	0.034	-0.5	-0.5	0.474	0.575	0.726	0.679	0.317	0.627	239.668	1.0	28.273
OLI320	1.961	-3	3.168	-3	1.111	0.672	0.689	0.006	0.04	-0.5	-0.5	0.661	0.708	0.311	0.404	0.038	0.766	1.757	1.0	None
OLI321	4.666	2.383	1.63	-3	1.111	0.672	0.728	0.006	0.054	-0.5	-0.5	0.661	0.723	0.311	0.269	0.246	0.767	2.203	1.0	None
OLI326	3.837	3.35	2.278	-3	1.25	0.091	0.107	0.761	0.666	-0.5	-0.5	0.639	0.683	0.19	0.298	0.562	0.692	1.057	1.0	1.598
OLI327	3.837	-3	2.278	-3	1.25	0.091	0.107	0.761	0.666	-0.5	-0.5	0.639	0.683	0.19	0.298	0.562	0.692	1.057	1.0	1.598
OLI356	7.731	-3	3.54	-3	1.25	0.048	0.029	0.18	0.0	-0.5	-0.5	0.792	0.619	0.132	0.201	0.1	0.014	24.828	1.0	2.273
OLI362	4.162	-3	3.069	-3	1.111	0.028	0.046	0.073	0.674	-0.5	-0.5	0.676	0.809	0.205	0.055	0.598	0.738	10.638	1.0	1.724
OLI365	4.521	-3	3.676	-3	1.25	0.048	0.029	0.18	0.0	-0.5	-0.5	0.792	0.619	0.132	0.201	0.1	0.014	24.828	1.0	2.273
OLI368	4.573	-3	4.236	-3	5.0	0.048	0.044	0.18	0.016	-0.5	-0.5	0.792	0.825	0.132	0.04	0.194	0.627	11.592	1.0	1.049
OLI369	0.975	-3	4.088	-3	10.0	0.044	0.083	0.016	0.006	-0.5	-0.5	0.825	0.525	0.04	0.128	0.315	0.806	22.113	1.0	13.057
OLI370	3.482	-3	4.088	-3	10.0	0.044	0.083	0.016	0.006	-0.5	-0.5	0.825	0.525	0.04	0.128	0.315	0.806	22.113	1.0	13.057
OLI371	3.663	-3	4.088	-3	10.0	0.048	0.083	0.18	0.006	-0.5	-0.5	0.792	0.525	0.132	0.128	0.076	0.816	10.565	1.0	3.265
OLI372	4.522	-3	2.177	-3	25.026	0.048	0.044	0.18	0.009	-0.5	-0.5	0.792	0.768	0.132	0.094	0.236	0.702	22.346	1.0	-1.04
OLI376	3.145	-3	5.044	-3	1.111	0.114	0.066	0.021	0.034	-0.5	-0.5	0.474	0.575	0.726	0.679	0.317	0.627	239.668	1.0	28.273
OLI377	3.762	-3	3.925	-3	1.111	0.114	0.066	0.021	0.034	-0.5	-0.5	0.474	0.575	0.726	0.679	0.317	0.627	239.668	1.0	28.273
OLI378	3.33	-3	3.372	-3	1.111	0.114	0.066	0.021	0.034	-0.5	-0.5	0.474	0.575	0.726	0.679	0.317	0.627	239.668	1.0	28.273
OLI379	1.886	-3	3.904	-3	1.111	0.114	0.066	0.021	0.034	-0.5	-0.5	0.474	0.575	0.726	0.679	0.317	0.627	239.668	1.0	28.273
OLI380	4.875	-3	3.874	-3	1.111	0.114	0.066	0.021	0.034	-0.5	-0.5	0.474	0.575	0.726	0.679	0.317	0.627	239.668	1.0	28.273
OLI381	6.441	-3	4.306	-3	1.111	0.114	0.066	0.021	0.034	-0.5	-0.5	0.474	0.575	0.726	0.679	0.317	0.627	239.668	1.0	28.273
OLI383	5.548	-3	3.902	-3	1.111	0.114	0.013	0.021	0.0	-0.5	0.838	0.474	0.605	0.726	0.304	0.555	1.0	240.744	1.0	2.104
OLI384	3.626	-3	4.12	-3	1.111	0.114	0.013	0.021	0.0	-0.5	0.838	0.474	0.605	0.726	0.304	0.555	1.0	240.744	1.0	2.104
OLI385	6.062	-3	3.753	-3	1.111	0.114	0.013	0.021	0.0	-0.5	0.838	0.474	0.605	0.726	0.304	0.555	1.0	240.744	1.0	2.104
OLI386	3.383	1.553	4.215	-3	1.111	0.114	0.013	0.021	0.0	-0.5	0.838	0.474	0.605	0.726	0.304	0.555	1.0	240.744	1.0	2.104
OLI387	3.383	-3	4.215	-3	1.111	0.114	0.013	0.021	0.0	-0.5	0.838	0.474	0.605	0.726	0.304	0.555	1.0	240.744	1.0	2.104
OLI388	1.553	-3	4.215	-3	1.111	0.114	0.013	0.021	0.0	-0.5	0.838	0.474	0.605	0.726	0.304	0.555	1.0	240.744	1.0	2.104
OLI391	6.28	-3	3.056	-3	None	0.048	0.0	0.18	0.049	-0.5	None	0.792	0.784	0.132	0.224	0.043	0.695	1.159	1.0	1.619
OLI393	1.452	-3	4.088	-3	10.0	0.564	0.083	0.0	0.006	-0.5	-0.5	0.455	0.525	0.283	0.128	0.046	0.957	61.076	1.0	None
OLI394	3.709	-3	3.473	-3	10.0	0.057	0.727	0.046	0.012	-0.5	-0.5	0.728	0.153	0.43	0.718	0.011	0.57	43.757	1.0	-0.871
OLI396	3.47	-3	0.216	-3	1.111	0.008	0.013	0.0	0.006	-0.5	-0.5	0.296	0.241	0.161	0.712	0.406	0.673	91.286	1.0	None
OLI397	4.508	-3	1.012	-3	1.25	0.048	0.053	0.18	0.041	-0.5	-0.5	0.792	0.798	0.132	0.224	0.412	0.028	2.247	1.0	None
OLI398	4.15	4.15	4.916	4.15	10.417	0.778	0.03	0.053	0.758	-0.5	-0.5	0.251	0.825	0.326	0.245	0.015	0.315	33.223	1.0	None
OLI399	4.15	-3	4.916	-3	10.417	0.778	0.03	0.053	0.758	-0.5	-0.5	0.251	0.825	0.326	0.245	0.015	0.315	33.223	1.0	None
OLI400	4.062	-3	3.206	-3	5.0	0.019	0.115	0.057	0.717	-0.5	-0.5	0.733	0.738	0.083	0.233	0.374	0.698	8.991	1.0	None
OLI404	2.735	-3	3.504	-3	1.754	0.006	0.052	0.629	0.045	-0.5	-0.5	0.783	0.596	0.215	0.222	0.101	0.925	1.605	1.0	-0.091
OLI405	2.558	2.558	2.917	2.558	None	0.668	0.81	0.026	0.038	-0.5	-0.5	0.547	0.394	0.15	0.147	0.0	0.922	22.991	1.0	2.78
OLI407	3.024	-3	3.968	-3	1.111	0.013	0.016	0.009	0.801	-0.5	-0.5	0.492	0.875	0.333	0.164	0.095	0.43	41.204	1.0	None
OLI409	6.086	4.508	1.012	-3	1.25	0.048	0.053	0.18	0.041	-0.5	-0.5	0.792	0.798	0.132	0.224	0.412	0.028	2.247	1.0	None
OLI410	3.968	-3	4.407	-3	1.25	0.048	0.053	0.18	0.041	-0.5	-0.5	0.792	0.798	0.132	0.224	0.412	0.028	2.247	1.0	None
OLI412	1.409	-3	1.87	-3	4.722	0.025	0.031	0.582	0.019	-0.5	-0.5	0.655	0.112	0.267	0.686	0.49	0.855	5.975	1.0	3.392
OLI413	0.686	-3	0.634	-3	10.417	0.011	0.031	0.71	0.019	-0.5	-0.5	0.743	0.112	0.481	0.686	0.216	0.825	21.219	1.0	1.155
OLI414	3.643	-3	4.025	-3	1.25	0.035	0.066	0.029	0.754	-0.5	-0.5	0.626	0.584	0.176	0.167	0.327	0.954	9.615	1.0	13.458
OLI415	2.995	-3	4.241	-3	4.722	0.642	0.035	0.032	0.0	-0.5	-0.5	0.706	0.79	0.141	0.155	0.042	0.784	14.065	1.0	0.754
OLI416	4.317	-3	3.684	-3	4.444	0.031	0.133	0.764	0.705	-0.5	-0.5	0.632	0.685	0.139	0.103	0.558	0.348	19.654	1.0	4.257
OLI418	8.051	-3	2.964	-3	4.722	0.733	0.664	0.016	0.036	-0.5	-0.5	0.744	0.428	0.328	1.091	0.461	0.893	39.545	1.0	0.796
OLI419	7.963	-3	4.384	-3	1.111	0.031	0.095	0.069	0.015	-0.5	-0.5	0.655	0.699	0.113	0.134	0.441	0.67	8.168	1.0	None
OLI426	4.049	-3	2.731	-3	5.0	0.039	0.006	0.063	0.0	-0.5	0.127	0.366	0.702	0.804	0.427	0.056	0.332	44.621	2.0	2.167
OLI428	3.934	-3	3.741	-3	10.0	0.013	0.049	0.742	0.019	-0.5	-0.5	0.707	0.144	0.196	0.306	0.074	0.009	55.869	1.0	0.142
OLI440	4.099	-3	-0.026	-3	5.694	0.0	0.052	0.026	0.045	-0.5	-0.5	0.647	0.596	0.768	0.222	0.113	0.893	7.254	1.0	1.872
OLI443	4.73	4.73	4.73	4.469	16.802	0.754	0.705	0.028	0.022	-0.5	-0.5	0.628	0.123	0.497	0.908	0.018	0.028	29.858	1.0	0.31
OLI445	2.187	-3	7.526	-3	5.0	0.038	0.028	0.116	0.073	-0.5	-0.5	0.711	0.676	0.13	0.205	0.36	0.626	10.297	1.0	1.239
OLI452	1.056	1.056	7.966	1.056	4.444	0.0	0.0	0.026	0.0	0.897	0.716	0.65	0.704	0.515	0.53	0.193	0.853	16.989	1.0	0.353
OLI453	3.574	-3	4.166	-3	10.417	0.095	0.013	0.015	0.0	-0.5	-0.5	0.699	0.644	0.134	0.16	0.156	0.639	8.168	2.0	3.814
OLI454	3.369	-3	3.553	-3	5.972	0.57	0.104	0.019	0.065	-0.5	-0.5	0.439	0.543	0.054	0.453	0.676	0.014	79.29	1.0	None
OLI458	4.054	-3	4.98	-3	13.056	0.03	0.053	0.052	0.028	-0.5	-0.5	0.652	0.492	0.216	0.368	0.178	0.418	25.956	1.0	5.207
OLI465	3.623	-3	3.732	-3	19.444	0.765	0.071	0.018	0.0	-0.5	-0.5	0.353	0.241	0.324	0.25	0.015	0.0	None	1.0	1.724
OLI466	6.172	2.346	1.71	-3	22.067	0.599	0.8	0.0	0.009	-0.5	-0.5	0.207	0.546	0.374	0.594	0.066	0.449	None	1.0	1.809
OLI467	4.051	-3	3.792	-3	12.8	0.071	0.8	0.0	0.009	-0.5	-0.5	0.241	0.546	0.25	0.594	0.298	0.313	None	1.0	2.421
OLI471	7.166	3.295	0.41	-3	5.0	0.038	0.714	0.013	0.006	-0.5	-0.5	0.551	0.489	0.46	0.378	0.018	0.006	None	1.0	None
OLI473	3.863	-3	6.625	4.257	19.444	0.765	0.071	0.018	0.0	-0.5	-0.5	0.353	0.241	0.324	0.25	0.015	0.0	None	1.0	1.724
OLI478	2.178	-3	1.647	-3	10.417	0.051	0.691	0.782	0.014	-0.5	-0.5	0.794	0.429	0.363	0.271	0.095	0.95	14.44	2.0	None
OLI480	3.991	-3	4.035	-3	6.944	0.074	0.031	0.723	0.785	-0.5	-0.5	0.783	0.694	0.137	0.108	0.095	0.651	15.003	1.0	0.796
OLI482	3.089	-3	3.757	-3	10.417	0.031	0.051	0.785	0.782	-0.5	-0.5	0.694	0.794	0.108	0.363	0.091	0.598	15.003	1.0	None
OLI489	2.823	-3	1.885	-3	13.056	0.043	0.051	0.08	0.782	-0.5	-0.5	0.846	0.794	0.109	0.363	0.117	0.592	29.281	1.0	None
OLI493	3.283	-3	1.647	-3	12.717	0.031	0.691	0.785	0.014	-0.5	-0.5	0.694	0.429	0.108	0.271	0.055	0.933	24.13	1.0	-0.977
OLI496	4.093	-3	2.057	-3	1.736	0.074	0.028	0.723	0.712	-0.5	-0.5	0.783	0.816	0.137	0.223	0.11	0.843	1.605	1.0	0.5
OLI497	2.586	-3	3.435	2.586	14.509	0.057	0.155	0.061	0.09	-0.5	-0.5	0.736	0.542	0.037	0.176	0.509	0.218	12.497	1.0	None
OLI498	2.264	-3	1.07	-3	None	0.008	0.0	0.0	0.049	-0.5	None	0.296	0.784	0.161	0.224	0.011	0.616	58.775	1.0	None
OLI500	8.085	-3	1.364	-3	1.25	0.069	0.148	0.074	0.667	-0.5	-0.5	0.486	0.318	0.239	0.395	0.28	0.549	1.073	1.0	5.861
OLI502	0.63	-3	2.638	-3	1.25	0.104	0.765	0.671	0.018	-0.5	-0.5	0.292	0.353	0.236	0.324	0.013	0.0	None	1.0	None
OLI504	4.068	-3	2.586	-3	4.444	0.013	0.082	0.0	0.076	0.838	-0.5	0.605	0.683	0.304	0.292	0.031	0.761	33.922	1.0	4.426
OLI505	2.87	-3	3.672	-3	5.0	0.038	0.015	0.042	0.028	-0.5	-0.5	0.639	0.756	0.191	0.192	0.228	0.014	23.372	1.0	1.302
OLI506	2.951	-3	3.182	-3	5.0	0.038	0.015	0.042	0.028	-0.5	-0.5	0.639	0.756	0.191	0.192	0.228	0.014	23.372	1.0	1.302
OLI507	2.68	-3	3.056	-3	5.0	0.038	0.015	0.042	0.028	-0.5	-0.5	0.639	0.756	0.191	0.192	0.228	0.014	23.372	1.0	1.302
OLI508	3.225	-3	2.68	-3	5.0	0.013	0.038	0.015	0.042	-0.5	-0.5	0.825	0.639	0.135	0.191	0.208	0.014	39.453	1.0	-0.639
OLI509	3.763	-3	3.672	-3	12.232	0.013	0.015	0.019	0.028	-0.5	-0.5	0.639	0.756	0.209	0.192	0.213	0.96	11.826	1.0	1.239
OLI510	3.826	-3	1.257	-3	5.0	0.038	0.015	0.042	0.028	-0.5	-0.5	0.639	0.756	0.191	0.192	0.228	0.014	23.372	1.0	1.302
OLI513	4.141	-3	2.271	-3	1.111	0.019	0.052	0.674	0.094	-0.5	-0.5	0.831	None	0.31	0.477	0.322	0.879	2.294	1.0	1.682
OLI514	3.858	-3	2.265	-3	1.111	0.668	0.075	0.0	0.0	-0.5	-0.5	0.64	0.396	0.386	1.145	0.227	0.829	33.318	1.0	-0.07
OLI515	4.302	-3	4.992	-3	30.038	0.019	0.792	0.017	0.0	-0.5	-0.5	0.685	0.498	0.059	0.147	0.013	0.724	65.383	1.0	2.78
OLI516	3.245	-3	4.037	-3	1.111	0.066	0.013	0.034	0.0	-0.5	0.838	0.575	0.605	0.679	0.304	0.277	0.601	36.472	1.0	1.345
OLI517	3.572	-3	4.507	-3	1.25	0.035	0.066	0.029	0.754	-0.5	-0.5	0.626	0.584	0.176	0.167	0.327	0.954	9.615	1.0	13.458
OLI518	3.637	-3	4.941	3.574	5.0	0.038	0.071	0.013	0.0	-0.5	-0.5	0.551	0.241	0.46	0.25	0.117	0.394	None	1.0	None
OLI524	3.095	-3	2.955	-3	None	0.709	0.692	0.025	0.0	-0.5	-0.5	0.146	0.492	0.329	0.186	0.173	0.654	45.135	1.0	2.59
OLI526	3.028	-3	-0.19	-3	None	0.709	0.692	0.025	0.0	-0.5	-0.5	0.146	0.492	0.329	0.186	0.173	0.654	45.135	1.0	2.59
OLI527	3.028	-3	2.185	-3	None	0.709	0.692	0.025	0.0	-0.5	-0.5	0.146	0.492	0.329	0.186	0.173	0.654	45.135	1.0	2.59
OLI531	3.028	-3	3.677	-3	None	0.709	0.692	0.025	0.0	-0.5	-0.5	0.146	0.492	0.329	0.186	0.173	0.654	45.135	1.0	2.59
OLI532	0.348	-3	2.641	-3	None	0.709	0.692	0.025	0.0	-0.5	-0.5	0.146	0.492	0.329	0.186	0.173	0.654	45.135	1.0	2.59
OLI537	3.439	-3	3.028	-3	None	0.616	0.709	0.014	0.025	-0.5	-0.5	0.473	0.146	0.147	0.329	0.12	0.552	32.298	1.0	0.353
OLI538	3.144	-3	0.348	-3	None	0.616	0.709	0.014	0.025	-0.5	-0.5	0.473	0.146	0.147	0.329	0.12	0.552	32.298	1.0	0.353
OLI540	3.699	-3	3.677	-3	21.095	0.616	0.692	0.014	0.0	-0.5	-0.5	0.473	0.492	0.147	0.186	0.288	0.546	37.886	1.0	5.671
OLI545	3.241	-3	3.633	-3	2.232	0.757	0.616	0.0	0.014	-0.5	-0.5	0.539	0.473	0.271	0.147	0.353	0.968	13.892	2.0	None
OLI547	3.898	-3	4.194	-3	1.736	0.006	0.023	0.229	0.091	-0.5	-0.5	0.747	0.79	0.095	0.101	0.392	0.701	1.351	1.0	5.207
OLI548	4.95	-3	4.384	-3	1.736	0.006	0.023	0.229	0.091	-0.5	-0.5	0.747	0.79	0.095	0.101	0.392	0.701	1.351	1.0	5.207
OLI550	2.747	-3	3.874	-3	1.111	0.028	0.046	0.073	0.674	-0.5	-0.5	0.676	0.809	0.205	0.055	0.598	0.738	10.638	1.0	1.724
OLI559	2.003	-3	4.157	-3	23.481	0.025	0.018	0.094	0.033	-0.5	-0.5	0.728	0.52	0.199	0.473	0.084	0.227	31.279	1.0	None
OLI560	2.059	-3	3.664	-3	10.0	0.027	0.035	0.099	0.647	-0.5	-0.5	0.693	0.85	0.113	0.126	0.393	0.42	43.389	1.0	1.345
OLI562	2.369	-3	7.547	4.414	1.25	0.599	0.071	0.0	0.0	-0.5	-0.5	0.207	0.241	0.374	0.25	0.189	0.371	None	1.0	26.036
OLI563	1.993	1.993	5.029	-3	12.8	0.071	0.8	0.0	0.009	-0.5	-0.5	0.241	0.546	0.25	0.594	0.298	0.313	None	1.0	2.421
OLI564	4.208	-3	2.168	-3	12.8	0.071	0.8	0.0	0.009	-0.5	-0.5	0.241	0.546	0.25	0.594	0.298	0.313	None	1.0	2.421
OLI567	5.718	-3	0.002	-3	12.8	0.071	0.8	0.0	0.009	-0.5	-0.5	0.241	0.546	0.25	0.594	0.298	0.313	None	1.0	2.421
OLI607	4.492	-3	1.562	-3	1.852	0.698	0.071	0.013	0.015	-0.5	-0.5	0.443	0.264	0.449	0.363	0.267	0.076	57.37	1.0	7.422
OLI610	3.87	-3	1.99	-3	1.111	0.732	0.071	0.046	0.015	-0.5	-0.5	0.466	0.264	0.247	0.363	0.246	0.889	90.127	1.0	4.088
OLI639	2.418	2.418	3.876	2.418	4.861	0.042	None	0.684	None	-0.5	-0.5	0.875	None	0.195	None	0.128	0.558	None	None	None
OLI645	-0.926	-3	1.814	-3	5.0	0.031	0.038	0.785	0.116	-0.5	-0.5	0.694	0.711	0.108	0.13	0.459	0.619	33.392	1.0	0.711
OLI667	3.813	-3	4.394	-3	4.722	0.019	0.685	0.057	0.028	-0.5	-0.5	0.733	0.251	0.083	0.241	0.087	0.597	21.497	1.0	None
OLI669	2.382	-3	2.248	-3	5.0	0.019	0.115	0.057	0.717	-0.5	-0.5	0.733	0.738	0.083	0.233	0.374	0.698	8.991	1.0	None
OLI673	6.178	-3	2.281	-3	14.602	0.115	0.588	0.034	0.013	-0.5	-0.5	0.825	0.17	0.191	0.442	0.258	0.681	19.691	1.0	0.163
OLI680	3.983	-3	3.107	-3	4.722	0.776	0.15	0.052	0.026	-0.5	-0.5	0.747	0.593	0.467	0.226	0.046	0.542	25.462	1.0	1.112
OLI684	4.197	-3	3.801	-3	13.18	0.038	0.603	0.042	0.0	-0.5	-0.5	0.639	0.267	0.191	0.344	0.093	0.14	68.105	1.0	1.556
OLI685	4.103	-3	2.83	-3	11.967	0.622	0.049	0.006	0.033	-0.5	-0.5	0.368	0.786	0.289	0.096	0.145	None	19.876	1.0	0.944
OLI688	3.967	3.89	3.768	-3	4.722	0.061	0.058	0.09	0.59	-0.5	-0.5	0.389	0.725	0.124	0.125	0.004	0.004	30.664	1.0	6.262
OLI694	1.598	-3	2.309	-3	23.394	0.067	0.084	0.013	0.04	-0.5	-0.5	0.139	0.527	0.469	0.211	0.004	0.0	59.299	1.0	-0.639
OLI708	3.637	-3	3.57	-3	13.735	0.819	0.064	0.056	0.03	-0.5	-0.5	0.544	0.409	0.154	0.153	0.099	0.043	56.336	2.0	-0.724
OLI709	4.513	-3	4.026	-3	15.925	0.77	0.756	0.018	0.051	-0.5	-0.5	0.441	0.379	0.201	0.155	0.122	0.115	73.794	1.0	-0.766
OLI755	2.376	-3	2.022	-3	1.736	0.029	0.032	0.093	0.78	-0.5	-0.5	0.635	0.831	0.476	0.447	0.239	0.849	5.562	2.0	-0.048
OLI767	2.562	-3	4.607	3.233	10.417	0.0	0.814	0.867	0.016	-0.5	-0.5	0.875	0.3	0.346	0.451	0.096	0.121	40.139	1.0	-0.112
OLI779	4.145	-3	3.806	-3	1.25	0.048	0.053	0.18	0.041	-0.5	-0.5	0.792	0.798	0.132	0.224	0.412	0.028	2.247	1.0	None
OLI794	3.948	-3	3.948	3.366	10.0	0.033	0.078	0.747	0.123	-0.5	-0.5	0.652	0.432	0.119	0.255	0.053	0.237	97.95	1.0	0.733
OLI795	3.948	-3	3.366	-3	10.0	0.033	0.078	0.747	0.123	-0.5	-0.5	0.652	0.432	0.119	0.255	0.053	0.237	97.95	1.0	0.733
OLI817	9.332	-3	1.562	-3	1.25	0.069	0.148	0.074	0.667	-0.5	-0.5	0.486	0.318	0.239	0.395	0.28	0.549	1.073	1.0	5.861
OLI818	9.332	-3	0.707	-3	1.25	0.069	0.148	0.074	0.667	-0.5	-0.5	0.486	0.318	0.239	0.395	0.28	0.549	1.073	1.0	5.861
OLI820	4.479	-3	1.562	-3	1.25	0.069	0.148	0.074	0.667	-0.5	-0.5	0.486	0.318	0.239	0.395	0.28	0.549	1.073	1.0	5.861
OLI821	3.374	-3	1.562	-3	1.25	0.069	0.148	0.074	0.667	-0.5	-0.5	0.486	0.318	0.239	0.395	0.28	0.549	1.073	1.0	5.861
OLI831	3.461	-3	3.059	-3	10.417	0.653	0.044	0.045	0.742	-0.5	-0.5	0.698	0.828	0.335	0.173	0.093	0.6	20.576	1.0	0.5
OLI834	4.0	-3	3.975	-3	1.111	0.008	0.013	0.0	0.006	-0.5	-0.5	0.296	0.241	0.161	0.712	0.406	0.673	91.286	1.0	None
OLI838	2.286	-3	3.603	-3	5.926	0.009	0.109	0.083	0.56	-0.5	-0.5	0.786	0.594	0.118	0.477	0.084	0.429	8.529	1.0	-0.956
OLI839	2.329	-3	4.101	-3	4.722	0.006	0.006	0.614	0.732	-0.5	-0.5	0.783	0.555	0.303	0.246	0.071	0.747	34.213	1.0	1.598
OLI841	5.615	-3	1.589	-3	5.0	0.006	0.64	0.151	0.0	-0.5	-0.5	0.584	0.23	0.164	0.377	0.227	0.936	13.7	1.0	None
OLI842	4.518	-3	4.221	-3	12.075	0.006	0.0	0.151	0.0	-0.5	0.0	0.584	0.123	0.164	1.067	0.068	0.753	None	1.0	None
OLI859	4.676	-3	4.0	-3	5.731	0.006	0.008	0.341	0.0	-0.5	-0.5	0.8	0.296	0.19	0.161	0.041	0.699	35.282	1.0	None
OLI862	7.46	-3	4.0	-3	18.333	0.757	0.008	0.0	0.0	-0.5	-0.5	0.475	0.296	0.316	0.161	0.008	0.669	66.388	1.0	None
OLI870	2.951	-3	3.609	-3	10.0	0.069	0.008	0.041	0.0	-0.5	-0.5	0.851	0.296	0.316	0.161	0.04	0.76	32.032	1.0	None
OLI890	4.0	-3	1.725	-3	10.0	0.008	0.006	0.0	0.082	-0.5	-0.5	0.296	0.112	0.161	0.399	0.38	0.679	45.197	1.0	None
OLI891	2.129	-3	2.081	-3	18.333	0.067	0.006	0.595	0.082	-0.5	-0.5	0.567	0.112	0.238	0.399	0.067	0.696	59.214	1.0	None
OLI892	3.091	-3	4.0	-3	18.333	0.757	0.008	0.0	0.0	-0.5	-0.5	0.475	0.296	0.316	0.161	0.008	0.669	66.388	1.0	None
OLI895	4.0	-3	4.233	-3	1.111	0.008	0.717	0.0	0.051	-0.5	-0.5	0.296	0.367	0.161	0.291	0.8	0.89	50.149	1.0	None
OLI911	3.868	-3	2.081	-3	5.0	0.09	0.006	0.068	0.082	-0.5	-0.5	0.553	0.112	1.039	0.399	0.088	0.544	35.375	1.0	None
OLI916	4.068	4.068	2.586	-3	4.444	0.013	0.082	0.0	0.076	0.838	-0.5	0.605	0.683	0.304	0.292	0.031	0.761	33.922	1.0	4.426
